NAME: MyData80
COMMENT: 80 nodes generated to conduct algorithm efficiency
TYPE: TSP
DIMENSION: 80
EDGE_WEIGHT_TYPE: EXPLICIT
DISPLAY_DATA_TYPE: TWOD_DISPLAY
EDGE_WEIGHT_FORMAT: FULL MATRIX
EDGE_WEIGHT_SECTION:
0 2391 9091 7133 93 9807 9986 8043 1589 4534 8613 3271 2628 8582 3418 2781 9821 849 4786 4196 9686 9939 2736 8735 2287 8413 1663 9645 4834 8651 8166 4945 8386 1297 2840 6829 5928 5322 8668 5936 9787 4563 6486 4307 3314 7121 9009 1350 9182 8273 6166 750 7001 4293 5722 5191 1934 3587 8191 3675 5995 7988 5550 2873 4493 4503 3726 93 9447 3477 4015 1530 9224 5510 6351 9228 7727 8076 1714 3826
2391 0 5219 3880 1573 9445 439 5493 9182 1080 1638 630 4123 543 3161 736 3118 2461 394 221 2106 469 5636 7294 634 9191 8519 7862 2004 8717 5333 3723 5730 2960 7281 6490 6184 3594 9186 1227 365 8154 3129 435 5798 4409 8448 3389 5904 8243 3365 7391 9882 6097 5903 302 8408 7960 5218 5239 9646 3172 4049 4118 197 6617 3609 3385 9535 884 730 9714 3829 3742 1584 2425 9703 2506 4103 5801
9091 5219 0 7300 5131 2666 9661 2961 4204 2644 1429 8861 7725 3964 7195 1061 8811 7918 8286 7698 1509 9638 515 734 5796 1610 9637 5307 5471 1201 4029 4126 7618 9750 854 1043 4781 4240 864 2903 2740 6912 9424 1713 1843 4494 2492 8225 2562 3148 7913 533 4754 721 3902 3498 1413 3635 5553 3053 8796 8285 6322 1380 1956 1118 3331 8256 3759 7955 7569 3661 9111 6141 1914 111 3591 3827 1220 5895
7133 3880 7300 0 8703 3898 8930 6783 8329 2845 912 9296 4639 7462 9997 2081 1769 2722 4729 9877 9362 4980 4267 1042 1158 4297 5428 9263 5194 9822 982 7736 4923 5891 8201 8981 3176 921 6714 7868 8814 9117 4624 8498 799 8990 5651 8247 9651 5480 2829 3162 6168 8830 4929 1641 1454 7079 1453 4538 4766 4374 5682 7061 8150 9960 7177 1827 1036 6281 4623 3906 1396 9377 9111 1968 9563 5571 7866 8248
93 1573 5131 8703 0 3261 4378 3433 6814 6298 982 6644 5705 9582 394 702 1224 3823 5617 5470 4964 515 4638 6042 1517 7704 4945 1518 9773 9868 5794 889 907 3178 1172 5235 9646 742 4740 5483 2662 5799 2824 2734 4524 4329 9012 1233 3094 2092 1190 1475 9852 4023 7901 899 6069 588 8128 6323 8767 5711 5033 2567 3476 3216 1282 7341 4330 6364 8635 3999 7920 3315 9938 2671 189 2152 2591 4789
9807 9445 2666 3898 3261 0 6169 1234 9924 4854 5811 2323 9152 388 2954 5339 970 7199 8636 1818 2524 2982 9551 8543 670 7927 2858 7557 2658 7359 615 8532 163 947 7316 3316 7667 3258 785 9115 3183 3359 2426 6516 1135 9642 8292 1750 1858 4543 8571 8587 4434 1110 5097 919 1765 2177 5549 5519 7372 3104 1163 4438 583 6248 5013 8684 1491 1090 6120 6780 428 312 1220 8144 7966 7887 7018 9312
9986 439 9661 8930 4378 6169 0 3539 8446 7631 4934 8346 4237 8507 2614 9863 5268 5504 2623 8906 6944 6710 6759 6062 1553 7959 6905 2279 8952 2960 4613 9260 4605 2173 9534 1241 8412 5221 7091 8575 9646 189 7882 6397 2292 7554 6858 4219 1527 2071 2669 6798 6987 1045 2141 5588 2221 35 5602 6190 3164 3008 5283 33 7707 7807 8885 3433 2426 8519 5560 3188 8170 2976 7107 8115 6595 2693 9656 1321
8043 5493 2961 6783 3433 1234 3539 0 6589 7835 3696 7643 519 904 3498 8897 4709 3637 5512 2604 2881 1726 4604 1220 8096 4208 9673 1801 1830 3147 5244 1557 8947 5318 5048 7510 6579 1337 5995 200 4087 483 8094 5804 2086 2521 9833 619 6994 5289 9678 9775 5144 4147 7858 956 6081 4410 7220 6783 5685 9849 663 5861 6089 6134 1697 2421 7164 5586 6715 2088 8809 8121 1639 6076 9222 5933 5337 3877
1589 9182 4204 8329 6814 9924 8446 6589 0 5564 9708 5042 402 3997 7448 8628 2423 1116 9206 6920 7489 687 3263 1121 9095 9548 8409 5798 7594 8865 1802 8237 6733 9857 6421 9346 6108 51 4802 2445 6488 5247 6786 253 9796 7830 2 5812 204 484 3349 3253 4220 8748 5754 4451 9529 410 7669 2159 4656 9987 1302 3014 2351 6094 1063 679 1777 2095 5854 4059 0 7566 4676 9598 4018 9397 5844 6348
4534 1080 2644 2845 6298 4854 7631 7835 5564 0 3040 4881 5334 5904 4650 28 555 8354 8509 4225 6581 107 4158 6300 9170 6795 3471 2421 5034 1769 7148 9385 2811 4701 8133 8528 5751 5194 740 8236 7619 9988 7386 572 8318 2932 7978 8082 7186 2649 9081 5036 7454 9495 8966 6833 1826 453 8295 5986 5204 970 3025 937 3050 333 327 2634 5747 5905 7757 9212 8633 4885 6283 3525 5346 3163 1458 3358
8613 1638 1429 912 982 5811 4934 3696 9708 3040 0 6065 6630 109 5162 4599 9745 6523 8918 5752 4609 9492 1396 7696 5035 1918 2993 6097 6429 884 6856 5459 4821 156 4952 5403 1368 6126 3214 6865 7774 3464 216 1620 7803 6808 138 3149 9062 3349 370 6246 1592 1797 5837 8096 2264 4886 8695 2351 3587 292 4758 8316 8977 3068 7371 6409 7983 9515 4429 2249 3285 3419 8009 2025 5109 3670 7305 8640
3271 630 8861 9296 6644 2323 8346 7643 5042 4881 6065 0 4558 3948 3979 1679 6652 4775 5942 6349 7721 6606 1384 6743 4358 3356 3716 1750 5693 2989 2405 4867 9542 8639 5836 1159 4344 1451 7475 7926 3990 8072 7415 9728 9526 3519 7429 7077 5249 9293 4670 755 8703 3756 7797 6055 5511 8273 4710 7173 4818 8329 69 773 9987 8219 4772 5705 8410 8423 7355 1661 2749 9013 2759 460 5231 2706 816 4743
2628 4123 7725 4639 5705 9152 4237 519 402 5334 6630 4558 0 2622 8183 7289 7582 4411 3870 7742 3439 5406 1431 5073 5910 929 1750 1738 3896 3215 4361 6813 568 6602 7167 477 1724 1353 5543 1066 5784 6722 2666 7222 9296 2692 832 227 4361 5462 6471 9918 4357 4974 8174 7459 8871 1794 1574 4979 5714 8269 5841 4166 2760 790 4809 2147 341 6964 7734 404 7797 854 1915 1272 5202 7409 1847 2182
8582 543 3964 7462 9582 388 8507 904 3997 5904 109 3948 2622 0 5340 143 6057 3699 8734 5141 1865 265 1104 4169 6128 4106 3741 4571 359 5848 9696 2629 1924 8858 552 604 1653 3158 7102 5496 1469 3324 9298 4821 6769 1504 8375 9461 8445 8987 6475 3017 6614 707 319 2859 9663 8881 5665 7664 7710 7452 3090 9563 2635 9193 2455 595 1189 3552 335 6788 5000 4594 1806 4678 4032 1439 3662 954
3418 3161 7195 9997 394 2954 2614 3498 7448 4650 5162 3979 8183 5340 0 6738 4401 7096 5437 3552 8414 8096 1810 1890 9768 1846 5419 6811 9128 6514 1020 2144 3061 358 5513 5587 4189 7534 7287 4783 2671 7318 8381 1723 7903 5500 7674 9196 3308 7514 4661 4015 8315 214 538 488 7023 3383 4089 6578 7260 8536 8453 8678 8936 3757 6496 5650 432 3783 4052 6674 4859 1970 2621 4624 944 5535 7236 9704
2781 736 1061 2081 702 5339 9863 8897 8628 28 4599 1679 7289 143 6738 0 3088 677 576 9891 7269 5932 6254 3482 324 3648 4089 9593 2994 5674 5384 137 9155 5070 9517 1744 2249 2122 3735 741 1883 4295 7729 2509 5010 9673 6120 7861 5269 732 2047 9586 5027 257 289 7836 9669 7356 4378 6178 4560 8225 9993 8176 2846 8590 2027 1708 9707 3386 391 9589 1723 5300 7383 5059 7233 2085 6744 8459
9821 3118 8811 1769 1224 970 5268 4709 2423 555 9745 6652 7582 6057 4401 3088 0 3535 3691 5755 2886 2599 6384 1267 507 2866 8221 1391 3649 1486 5486 6601 9556 1268 7663 7457 8850 9214 6439 4150 3502 3452 5903 8353 5446 8032 6633 2020 2190 9987 8534 2449 5244 2181 3526 279 7838 7004 6449 3543 6461 5593 8046 8200 2481 2823 7633 4063 7680 4773 628 37 6636 2369 4646 8792 9297 7502 5708 3499
849 2461 7918 2722 3823 7199 5504 3637 1116 8354 6523 4775 4411 3699 7096 677 3535 0 9145 336 4973 1954 3895 8765 5378 4504 7990 6914 6792 1460 8513 4481 7133 8279 7976 5490 8150 6572 31 1640 7658 3549 8670 6898 3586 644 9062 7552 8614 9480 996 3497 1529 3549 9250 8037 1939 3125 3177 970 4134 6141 7172 2666 6992 4368 1909 9561 3958 3226 3074 7046 8335 343 5889 4948 3146 8226 9691 3573
4786 394 8286 4729 5617 8636 2623 5512 9206 8509 8918 5942 3870 8734 5437 576 3691 9145 0 3176 9928 203 3976 3589 4800 9692 5022 3534 398 9440 7271 6831 8665 1947 621 7845 5422 7038 4915 3392 6215 5115 9123 654 1723 8399 1690 4118 6076 2306 3398 9628 7873 5471 2435 2296 9656 9870 6642 4259 2094 1146 6297 6855 7041 7347 7907 312 4602 5401 1556 2456 4839 6339 8823 920 7774 8105 3887 1793
4196 221 7698 9877 5470 1818 8906 2604 6920 4225 5752 6349 7742 5141 3552 9891 5755 336 3176 0 2447 6397 467 7868 9349 5763 953 3328 525 3432 7460 1398 537 9690 2026 1654 4650 4609 2952 4680 5524 9817 9352 421 1857 6374 2118 1429 9196 5815 6066 268 1482 8170 2059 8165 3663 5312 8687 2258 9934 8754 5294 404 7820 591 2324 9991 5236 2385 9618 4816 6008 8625 8673 255 857 2659 3066 123
9686 2106 1509 9362 4964 2524 6944 2881 7489 6581 4609 7721 3439 1865 8414 7269 2886 4973 9928 2447 0 2344 8689 2022 4665 7472 9296 4316 2356 8470 5108 6275 9090 344 5946 6297 2495 4388 9946 1597 938 667 6749 2585 9282 477 9359 4676 4860 7441 5452 976 3862 2241 6597 6580 9177 1491 4336 4442 4441 5631 5379 4329 9786 9836 2972 288 5475 71 7911 7488 6904 4771 5040 2461 764 9103 2743 9795
9939 469 9638 4980 515 2982 6710 1726 687 107 9492 6606 5406 265 8096 5932 2599 1954 203 6397 2344 0 3807 9345 4383 9411 9241 8866 8836 4966 8652 7584 8007 1002 830 2356 5155 1583 9090 1337 2605 9813 1149 4922 9674 8085 4239 7159 9357 6518 6102 9615 1155 910 2986 6665 2807 2365 2800 9410 4534 4669 2336 8443 6783 3480 2025 8195 8209 3229 4031 7504 1155 2167 8425 1281 8346 4302 3033 1766
2736 5636 515 4267 4638 9551 6759 4604 3263 4158 1396 1384 1431 1104 1810 6254 6384 3895 3976 467 8689 3807 0 4127 231 4022 6024 3252 4884 358 6667 7686 9570 7849 6101 5069 3554 9841 3637 8579 5498 9694 306 621 205 2132 4168 5839 9010 8262 9550 1724 7537 3396 9875 1166 8966 6114 5729 9366 8382 1340 701 6948 1890 8364 9799 9211 1952 2465 719 737 3684 2586 585 1227 6034 3739 7322 1298
8735 7294 734 1042 6042 8543 6062 1220 1121 6300 7696 6743 5073 4169 1890 3482 1267 8765 3589 7868 2022 9345 4127 0 5434 3427 3341 6926 6152 91 1966 5653 3369 7042 550 2942 4037 999 9383 3098 1273 3004 1292 2618 6048 7165 2385 211 7616 9278 2532 6516 6691 7765 3562 2325 8843 7208 2000 1178 7503 3583 1724 877 2678 6353 7721 4711 7958 5067 6620 8670 7928 2099 567 5432 359 7226 8769 9502
2287 634 5796 1158 1517 670 1553 8096 9095 9170 5035 4358 5910 6128 9768 324 507 5378 4800 9349 4665 4383 231 5434 0 1045 5117 674 9477 4484 274 9371 183 6311 6581 5529 2700 1417 8851 7261 5946 1895 8054 6679 4397 2473 5949 4908 8962 8615 9850 2378 4977 5821 6415 5805 9738 9429 5415 3690 8404 7609 751 4057 5747 333 7254 3593 9342 3333 4336 3332 7573 4333 4339 5245 1023 7159 6145 6465
8413 9191 1610 4297 7704 7927 7959 4208 9548 6795 1918 3356 929 4106 1846 3648 2866 4504 9692 5763 7472 9411 4022 3427 1045 0 6305 3026 5644 9353 9070 4771 3097 7921 9074 5626 1829 9423 1176 6649 1786 4943 6075 1176 6300 283 5245 5000 5046 5888 4878 3921 5043 6846 5018 2506 244 9992 1391 9113 1369 2695 1694 7599 639 4744 5781 7720 9951 8092 3902 1109 1030 183 6271 7320 2610 7776 5432 2142
1663 8519 9637 5428 4945 2858 6905 9673 8409 3471 2993 3716 1750 3741 5419 4089 8221 7990 5022 953 9296 9241 6024 3341 5117 6305 0 7631 8277 5298 7386 9302 3412 3039 2719 8158 6605 2837 9582 1606 5560 3544 232 8258 6641 7811 4627 8008 4332 8938 8519 2508 2833 7926 5157 652 4673 3650 3092 3227 6915 9440 9166 9990 7903 4867 3118 4352 1101 4777 9155 6591 7666 7525 3840 9741 3901 8350 6925 8315
9645 7862 5307 9263 1518 7557 2279 1801 5798 2421 6097 1750 1738 4571 6811 9593 1391 6914 3534 3328 4316 8866 3252 6926 674 3026 7631 0 3487 1359 8532 6007 624 6073 3360 7250 3454 5885 2904 1561 5127 572 7935 6735 4865 5345 676 9164 6140 337 5226 4748 7692 2018 1621 5319 576 6057 9983 2534 4013 2777 8975 7656 7925 7196 8224 3559 5390 876 2104 9700 9776 296 7140 9731 4286 9819 4178 2869
4834 2004 5471 5194 9773 2658 8952 1830 7594 5034 6429 5693 3896 359 9128 2994 3649 6792 398 525 2356 8836 4884 6152 9477 5644 8277 3487 0 9001 7202 2593 4875 3564 7195 9940 6076 1343 3004 1498 8346 9017 2357 2154 407 7510 934 6692 2246 4129 2374 1481 8144 9398 4013 6207 4357 2914 7501 7754 8005 7383 9693 3784 443 3295 321 7498 784 573 5393 3863 3546 9724 3016 7912 3818 6783 7410 6889
8651 8717 1201 9822 9868 7359 2960 3147 8865 1769 884 2989 3215 5848 6514 5674 1486 1460 9440 3432 8470 4966 358 91 4484 9353 5298 1359 9001 0 3688 4226 3233 3945 2265 5826 7274 3727 3681 9421 4481 6159 4488 3241 8403 4809 6856 2439 2254 6439 199 7334 1250 7504 5244 6067 3964 166 3620 8980 2614 4410 6010 4899 4150 931 9732 8268 3354 8171 6586 1876 6799 7841 2965 6020 4925 4640 3237 2803
8166 5333 4029 982 5794 615 4613 5244 1802 7148 6856 2405 4361 9696 1020 5384 5486 8513 7271 7460 5108 8652 6667 1966 274 9070 7386 8532 7202 3688 0 3122 2350 1364 4761 326 7956 6539 7846 5307 6626 5398 9661 2097 3359 1131 5015 6427 7130 223 4124 2518 9806 9819 8441 9797 9061 8596 1701 309 5774 4386 8760 8121 6297 6827 6492 7572 6329 7685 1646 2066 9489 10 9992 7867 3334 349 8007 2331
4945 3723 4126 7736 889 8532 9260 1557 8237 9385 5459 4867 6813 2629 2144 137 6601 4481 6831 1398 6275 7584 7686 5653 9371 4771 9302 6007 2593 4226 3122 0 4003 3781 4089 2937 3795 8923 3050 2201 8327 3593 9914 9564 3769 6002 7800 5285 1132 7384 2741 8922 104 4128 1940 1802 8509 8478 728 594 3728 7926 7010 1837 8022 9493 5196 2510 8173 8109 5213 6936 8808 7022 9935 1012 3291 4600 685 3965
8386 5730 7618 4923 907 163 4605 8947 6733 2811 4821 9542 568 1924 3061 9155 9556 7133 8665 537 9090 8007 9570 3369 183 3097 3412 624 4875 3233 2350 4003 0 7285 6450 7339 9483 7386 3317 7836 6885 6309 8528 2562 1796 2591 7082 7083 5027 6695 6306 7986 2621 9278 796 7268 8999 1545 1325 1036 5189 5038 8713 104 7292 1597 4447 5642 7538 1565 707 3217 1239 3197 7624 6357 1619 8763 2736 9594
1297 2960 9750 5891 3178 947 2173 5318 9857 4701 156 8639 6602 8858 358 5070 1268 8279 1947 9690 344 1002 7849 7042 6311 7921 3039 6073 3564 3945 1364 3781 7285 0 9378 7149 5398 3971 530 8088 4727 8052 8828 5789 7491 3286 3434 6374 247 1458 9930 4199 6470 5367 1041 3349 7093 9245 6560 348 8642 466 2599 4699 4475 2982 6140 9487 9481 4701 9541 7632 3149 5167 1747 8602 6048 2789 4455 4168
2840 7281 854 8201 1172 7316 9534 5048 6421 8133 4952 5836 7167 552 5513 9517 7663 7976 621 2026 5946 830 6101 550 6581 9074 2719 3360 7195 2265 4761 4089 6450 9378 0 9787 7015 7361 5316 4820 1587 6972 7614 8804 8033 5691 9042 6503 8646 3837 4847 3231 2229 5586 8708 7771 2166 7877 2261 4046 4306 8254 4215 9394 2556 1949 1285 751 6730 2544 9455 4047 9923 5267 7791 928 7670 5935 9871 6175
6829 6490 1043 8981 5235 3316 1241 7510 9346 8528 5403 1159 477 604 5587 1744 7457 5490 7845 1654 6297 2356 5069 2942 5529 5626 8158 7250 9940 5826 326 2937 7339 7149 9787 0 6555 5939 4774 9353 3494 7099 6650 9328 801 9878 3487 3557 9680 6221 4803 4720 8754 5334 768 9148 8291 7057 6091 1446 2933 6737 3224 3388 5122 8220 1258 84 6640 6698 4923 1413 8112 7608 4221 3233 1572 5684 4712 1387
5928 6184 4781 3176 9646 7667 8412 6579 6108 5751 1368 4344 1724 1653 4189 2249 8850 8150 5422 4650 2495 5155 3554 4037 2700 1829 6605 3454 6076 7274 7956 3795 9483 5398 7015 6555 0 8927 2672 6498 8257 6115 9342 7371 6222 3029 9523 5842 7373 7719 9049 498 1066 3407 8846 570 9045 8490 9596 3077 358 5492 3318 8114 8159 7412 1712 3620 733 6237 2867 4665 7183 1 2731 7990 1670 7912 4751 1304
5322 3594 4240 921 742 3258 5221 1337 51 5194 6126 1451 1353 3158 7534 2122 9214 6572 7038 4609 4388 1583 9841 999 1417 9423 2837 5885 1343 3727 6539 8923 7386 3971 7361 5939 8927 0 6151 4076 8600 4973 8134 1974 6409 6541 5241 3569 4802 3240 5661 1996 7464 2346 8170 8185 3880 8091 6657 2449 9296 9285 1554 8760 7314 1484 951 9503 8883 8935 1320 8451 1316 2149 9160 5687 2436 8487 4143 4699
8668 9186 864 6714 4740 785 7091 5995 4802 740 3214 7475 5543 7102 7287 3735 6439 31 4915 2952 9946 9090 3637 9383 8851 1176 9582 2904 3004 3681 7846 3050 3317 530 5316 4774 2672 6151 0 9878 1413 201 8845 5802 4722 9846 3830 2525 1436 441 9974 4032 5645 7855 8913 7405 7394 3235 5030 996 3964 2370 2515 4668 4002 8674 2247 5575 266 9566 363 3682 6746 4757 9438 5091 9560 7431 62 5298
5936 1227 2903 7868 5483 9115 8575 200 2445 8236 6865 7926 1066 5496 4783 741 4150 1640 3392 4680 1597 1337 8579 3098 7261 6649 1606 1561 1498 9421 5307 2201 7836 8088 4820 9353 6498 4076 9878 0 7049 5435 5326 6513 8809 6384 60 2701 6649 6994 7513 1790 8430 5306 5510 1826 2278 5634 9671 1976 4076 8343 1458 4598 1342 5651 4716 7798 9875 7362 1890 7338 3697 6549 1298 4846 5538 8584 4202 1403
9787 365 2740 8814 2662 3183 9646 4087 6488 7619 7774 3990 5784 1469 2671 1883 3502 7658 6215 5524 938 2605 5498 1273 5946 1786 5560 5127 8346 4481 6626 8327 6885 4727 1587 3494 8257 8600 1413 7049 0 1407 6854 8757 429 5300 1942 7935 4960 5078 5444 4772 1545 543 4671 1895 1080 2035 8373 4332 2127 4687 2492 5384 8427 5831 2479 6722 4337 9751 4738 7805 7962 288 3224 6027 7109 7311 6588 8366
4563 8154 6912 9117 5799 3359 189 483 5247 9988 3464 8072 6722 3324 7318 4295 3452 3549 5115 9817 667 9813 9694 3004 1895 4943 3544 572 9017 6159 5398 3593 6309 8052 6972 7099 6115 4973 201 5435 1407 0 9730 5187 4448 2394 2036 6475 4058 8164 9226 7936 9623 835 3792 8088 6601 6912 7559 8481 255 2510 4312 8295 6143 6736 4185 6988 9167 4515 3760 3452 2139 5062 2453 1176 899 3457 5217 3234
6486 3129 9424 4624 2824 2426 7882 8094 6786 7386 216 7415 2666 9298 8381 7729 5903 8670 9123 9352 6749 1149 306 1292 8054 6075 232 7935 2357 4488 9661 9914 8528 8828 7614 6650 9342 8134 8845 5326 6854 9730 0 8537 9015 3540 3925 1836 9292 2750 6112 5758 1564 3242 9237 5808 9394 3060 7575 6280 8769 5194 5806 9385 8669 4476 5467 7419 3167 2720 5287 1080 7171 7826 8322 1575 4874 5584 3944 3161
4307 435 1713 8498 2734 6516 6397 5804 253 572 1620 9728 7222 4821 1723 2509 8353 6898 654 421 2585 4922 621 2618 6679 1176 8258 6735 2154 3241 2097 9564 2562 5789 8804 9328 7371 1974 5802 6513 8757 5187 8537 0 954 3288 8839 1930 725 6540 980 2990 8738 9631 9373 8846 5010 8181 8576 210 277 5770 9317 7983 5459 2888 7934 2148 6852 3846 2371 759 950 6195 7419 2583 6580 8022 9103 7711
3314 5798 1843 799 4524 1135 2292 2086 9796 8318 7803 9526 9296 6769 7903 5010 5446 3586 1723 1857 9282 9674 205 6048 4397 6300 6641 4865 407 8403 3359 3769 1796 7491 8033 801 6222 6409 4722 8809 429 4448 9015 954 0 4217 5131 3896 5304 2176 9346 5275 7015 873 4775 4741 5305 6362 6217 6939 6309 2632 6099 8993 8478 7755 726 1287 9682 2739 1034 2766 9485 7003 9282 7540 2604 1564 2072 4172
7121 4409 4494 8990 4329 9642 7554 2521 7830 2932 6808 3519 2692 1504 5500 9673 8032 644 8399 6374 477 8085 2132 7165 2473 283 7811 5345 7510 4809 1131 6002 2591 3286 5691 9878 3029 6541 9846 6384 5300 2394 3540 3288 4217 0 4078 622 8147 8898 7883 3 3510 8012 2371 1254 5772 1062 9313 4780 1285 5888 6109 6840 8349 2348 3385 4300 767 9949 1864 1769 7640 1907 4939 1618 4766 8959 6202 5567
9009 8448 2492 5651 9012 8292 6858 9833 2 7978 138 7429 832 8375 7674 6120 6633 9062 1690 2118 9359 4239 4168 2385 5949 5245 4627 676 934 6856 5015 7800 7082 3434 9042 3487 9523 5241 3830 60 1942 2036 3925 8839 5131 4078 0 3960 6014 6791 8235 7724 6986 4771 8460 2212 3331 3826 3828 1997 6727 6562 7710 3969 5481 7069 4128 7463 164 6463 5797 749 8190 1997 6991 499 6990 8723 7762 2722
1350 3389 8225 8247 1233 1750 4219 619 5812 8082 3149 7077 227 9461 9196 7861 2020 7552 4118 1429 4676 7159 5839 211 4908 5000 8008 9164 6692 2439 6427 5285 7083 6374 6503 3557 5842 3569 2525 2701 7935 6475 1836 1930 3896 622 3960 0 4984 302 3058 2396 8986 2299 5223 8839 8482 6143 4537 4191 2248 1046 1291 3924 6631 7888 5192 1831 9750 1866 135 1604 1653 6927 9993 9673 6516 5392 2523 8697
9182 5904 2562 9651 3094 1858 1527 6994 204 7186 9062 5249 4361 8445 3308 5269 2190 8614 6076 9196 4860 9357 9010 7616 8962 5046 4332 6140 2246 2254 7130 1132 5027 247 8646 9680 7373 4802 1436 6649 4960 4058 9292 725 5304 8147 6014 4984 0 6823 6231 5882 5049 7161 2567 5360 6930 8384 1574 2073 2637 2158 6045 2081 11 413 3702 5070 5879 6064 3612 4612 4669 1956 4529 361 415 7360 8484 8492
8273 8243 3148 5480 2092 4543 2071 5289 484 2649 3349 9293 5462 8987 7514 732 9987 9480 2306 5815 7441 6518 8262 9278 8615 5888 8938 337 4129 6439 223 7384 6695 1458 3837 6221 7719 3240 441 6994 5078 8164 2750 6540 2176 8898 6791 302 6823 0 5943 8147 5191 9029 1640 7897 6326 8322 448 3019 9895 4890 606 3010 4417 9835 6769 1289 9157 3067 7619 8587 3207 4234 833 7147 8124 104 2710 7859
6166 3365 7913 2829 1190 8571 2669 9678 3349 9081 370 4670 6471 6475 4661 2047 8534 996 3398 6066 5452 6102 9550 2532 9850 4878 8519 5226 2374 199 4124 2741 6306 9930 4847 4803 9049 5661 9974 7513 5444 9226 6112 980 9346 7883 8235 3058 6231 5943 0 1137 8346 3020 3622 9740 5524 3260 9409 8337 1014 5004 9570 7690 4760 7782 1215 8356 7146 4237 7536 176 4850 4766 6674 8099 3154 3426 1707 2800
750 7391 533 3162 1475 8587 6798 9775 3253 5036 6246 755 9918 3017 4015 9586 2449 3497 9628 268 976 9615 1724 6516 2378 3921 2508 4748 1481 7334 2518 8922 7986 4199 3231 4720 498 1996 4032 1790 4772 7936 5758 2990 5275 3 7724 2396 5882 8147 1137 0 2594 4523 3174 8875 6593 7889 8080 6483 7926 6287 8208 7017 916 9287 161 7351 7691 7279 7350 4430 9083 8907 1502 8465 7878 3929 9369 4992
7001 9882 4754 6168 9852 4434 6987 5144 4220 7454 1592 8703 4357 6614 8315 5027 5244 1529 7873 1482 3862 1155 7537 6691 4977 5043 2833 7692 8144 1250 9806 104 2621 6470 2229 8754 1066 7464 5645 8430 1545 9623 1564 8738 7015 3510 6986 8986 5049 5191 8346 2594 0 7336 5289 2565 6367 5430 1117 8701 6459 5359 3875 7692 7158 1249 4946 9098 4506 9252 549 4921 9565 2365 4248 801 3307 3878 4308 459
4293 6097 721 8830 4023 1110 1045 4147 8748 9495 1797 3756 4974 707 214 257 2181 3549 5471 8170 2241 910 3396 7765 5821 6846 7926 2018 9398 7504 9819 4128 9278 5367 5586 5334 3407 2346 7855 5306 543 835 3242 9631 873 8012 4771 2299 7161 9029 3020 4523 7336 0 439 2520 8700 1006 3351 3198 9931 6368 4645 7847 9122 6585 2849 9415 244 4843 7314 4558 8926 8865 3440 391 5182 9520 5870 7186
5722 5903 3902 4929 7901 5097 2141 7858 5754 8966 5837 7797 8174 319 538 289 3526 9250 2435 2059 6597 2986 9875 3562 6415 5018 5157 1621 4013 5244 8441 1940 796 1041 8708 768 8846 8170 8913 5510 4671 3792 9237 9373 4775 2371 8460 5223 2567 1640 3622 3174 5289 439 0 3956 5344 2642 3814 5046 4563 2353 8933 8142 2288 2800 9964 6265 8512 4652 5496 3346 1301 9126 7798 4358 6829 1592 2921 1245
5191 302 3498 1641 899 919 5588 956 4451 6833 8096 6055 7459 2859 488 7836 279 8037 2296 8165 6580 6665 1166 2325 5805 2506 652 5319 6207 6067 9797 1802 7268 3349 7771 9148 570 8185 7405 1826 1895 8088 5808 8846 4741 1254 2212 8839 5360 7897 9740 8875 2565 2520 3956 0 3656 5140 6450 2709 7196 8890 2655 1819 7061 916 7651 9874 5933 7708 9902 7809 2995 4077 9563 7366 487 3016 4610 625
1934 8408 1413 1454 6069 1765 2221 6081 9529 1826 2264 5511 8871 9663 7023 9669 7838 1939 9656 3663 9177 2807 8966 8843 9738 244 4673 576 4357 3964 9061 8509 8999 7093 2166 8291 9045 3880 7394 2278 1080 6601 9394 5010 5305 5772 3331 8482 6930 6326 5524 6593 6367 8700 5344 3656 0 3964 6074 5987 6826 5364 992 9013 5106 1343 6111 8495 3447 5471 983 5645 5646 9393 7999 1655 354 5040 8356 8635
3587 7960 3635 7079 588 2177 35 4410 410 453 4886 8273 1794 8881 3383 7356 7004 3125 9870 5312 1491 2365 6114 7208 9429 9992 3650 6057 2914 166 8596 8478 1545 9245 7877 7057 8490 8091 3235 5634 2035 6912 3060 8181 6362 1062 3826 6143 8384 8322 3260 7889 5430 1006 2642 5140 3964 0 2412 4443 2952 4833 251 5533 8457 8572 6341 8333 9991 4654 5968 8572 1966 9828 3960 8017 2644 3137 3319 6313
8191 5218 5553 1453 8128 5549 5602 7220 7669 8295 8695 4710 1574 5665 4089 4378 6449 3177 6642 8687 4336 2800 5729 2000 5415 1391 3092 9983 7501 3620 1701 728 1325 6560 2261 6091 9596 6657 5030 9671 8373 7559 7575 8576 6217 9313 3828 4537 1574 448 9409 8080 1117 3351 3814 6450 6074 2412 0 7424 1206 3174 4276 2100 3224 8896 8481 2125 8921 8705 3467 3198 4476 57 376 7067 3057 5828 4583 2563
3675 5239 3053 4538 6323 5519 6190 6783 2159 5986 2351 7173 4979 7664 6578 6178 3543 970 4259 2258 4442 9410 9366 1178 3690 9113 3227 2534 7754 8980 309 594 1036 348 4046 1446 3077 2449 996 1976 4332 8481 6280 210 6939 4780 1997 4191 2073 3019 8337 6483 8701 3198 5046 2709 5987 4443 7424 0 9942 3290 5036 5053 4338 1281 6864 8598 9147 6831 582 5066 5453 9719 9106 8427 9802 7997 4338 3617
5995 9646 8796 4766 8767 7372 3164 5685 4656 5204 3587 4818 5714 7710 7260 4560 6461 4134 2094 9934 4441 4534 8382 7503 8404 1369 6915 4013 8005 2614 5774 3728 5189 8642 4306 2933 358 9296 3964 4076 2127 255 8769 277 6309 1285 6727 2248 2637 9895 1014 7926 6459 9931 4563 7196 6826 2952 1206 9942 0 3073 5246 383 46 9406 9716 919 2533 8421 5169 4283 8908 6014 4517 8225 6369 6926 5447 3447
7988 3172 8285 4374 5711 3104 3008 9849 9987 970 292 8329 8269 7452 8536 8225 5593 6141 1146 8754 5631 4669 1340 3583 7609 2695 9440 2777 7383 4410 4386 7926 5038 466 8254 6737 5492 9285 2370 8343 4687 2510 5194 5770 2632 5888 6562 1046 2158 4890 5004 6287 5359 6368 2353 8890 5364 4833 3174 3290 3073 0 1391 4821 8952 1618 6968 987 3705 6600 1956 6080 4631 9762 7617 5123 428 2808 1392 9576
5550 4049 6322 5682 5033 1163 5283 663 1302 3025 4758 69 5841 3090 8453 9993 8046 7172 6297 5294 5379 2336 701 1724 751 1694 9166 8975 9693 6010 8760 7010 8713 2599 4215 3224 3318 1554 2515 1458 2492 4312 5806 9317 6099 6109 7710 1291 6045 606 9570 8208 3875 4645 8933 2655 992 251 4276 5036 5246 1391 0 2851 1125 942 4460 9712 8968 9753 4543 4117 3460 2713 4058 1695 7860 8240 5586 4318
2873 4118 1380 7061 2567 4438 33 5861 3014 937 8316 773 4166 9563 8678 8176 8200 2666 6855 404 4329 8443 6948 877 4057 7599 9990 7656 3784 4899 8121 1837 104 4699 9394 3388 8114 8760 4668 4598 5384 8295 9385 7983 8993 6840 3969 3924 2081 3010 7690 7017 7692 7847 8142 1819 9013 5533 2100 5053 383 4821 2851 0 907 9230 4420 7762 5682 5097 8535 4880 8341 7047 2200 5218 9727 4644 3449 6973
4493 197 1956 8150 3476 583 7707 6089 2351 3050 8977 9987 2760 2635 8936 2846 2481 6992 7041 7820 9786 6783 1890 2678 5747 639 7903 7925 443 4150 6297 8022 7292 4475 2556 5122 8159 7314 4002 1342 8427 6143 8669 5459 8478 8349 5481 6631 11 4417 4760 916 7158 9122 2288 7061 5106 8457 3224 4338 46 8952 1125 907 0 5775 219 8827 8432 1850 5698 4213 3565 2501 1451 6291 987 2569 2779 8828
4503 6617 1118 9960 3216 6248 7807 6134 6094 333 3068 8219 790 9193 3757 8590 2823 4368 7347 591 9836 3480 8364 6353 333 4744 4867 7196 3295 931 6827 9493 1597 2982 1949 8220 7412 1484 8674 5651 5831 6736 4476 2888 7755 2348 7069 7888 413 9835 7782 9287 1249 6585 2800 916 1343 8572 8896 1281 9406 1618 942 9230 5775 0 9170 7968 3006 696 5302 8165 9126 3680 1092 1898 8775 6953 1949 4135
3726 3609 3331 7177 1282 5013 8885 1697 1063 327 7371 4772 4809 2455 6496 2027 7633 1909 7907 2324 2972 2025 9799 7721 7254 5781 3118 8224 321 9732 6492 5196 4447 6140 1285 1258 1712 951 2247 4716 2479 4185 5467 7934 726 3385 4128 5192 3702 6769 1215 161 4946 2849 9964 7651 6111 6341 8481 6864 9716 6968 4460 4420 219 9170 0 7134 1695 8658 687 8556 2256 1194 6194 7263 4057 8743 8778 9396
93 3385 8256 1827 7341 8684 3433 2421 679 2634 6409 5705 2147 595 5650 1708 4063 9561 312 9991 288 8195 9211 4711 3593 7720 4352 3559 7498 8268 7572 2510 5642 9487 751 84 3620 9503 5575 7798 6722 6988 7419 2148 1287 4300 7463 1831 5070 1289 8356 7351 9098 9415 6265 9874 8495 8333 2125 8598 919 987 9712 7762 8827 7968 7134 0 3862 5115 7383 927 9786 8464 1652 6450 6540 1119 4591 8212
9447 9535 3759 1036 4330 1491 2426 7164 1777 5747 7983 8410 341 1189 432 9707 7680 3958 4602 5236 5475 8209 1952 7958 9342 9951 1101 5390 784 3354 6329 8173 7538 9481 6730 6640 733 8883 266 9875 4337 9167 3167 6852 9682 767 164 9750 5879 9157 7146 7691 4506 244 8512 5933 3447 9991 8921 9147 2533 3705 8968 5682 8432 3006 1695 3862 0 8166 8108 4052 5474 9232 9332 2277 6229 5849 3602 581
3477 884 7955 6281 6364 1090 8519 5586 2095 5905 9515 8423 6964 3552 3783 3386 4773 3226 5401 2385 71 3229 2465 5067 3333 8092 4777 876 573 8171 7685 8109 1565 4701 2544 6698 6237 8935 9566 7362 9751 4515 2720 3846 2739 9949 6463 1866 6064 3067 4237 7279 9252 4843 4652 7708 5471 4654 8705 6831 8421 6600 9753 5097 1850 696 8658 5115 8166 0 1629 7821 947 5527 6913 5063 6067 2471 5361 9410
4015 730 7569 4623 8635 6120 5560 6715 5854 7757 4429 7355 7734 335 4052 391 628 3074 1556 9618 7911 4031 719 6620 4336 3902 9155 2104 5393 6586 1646 5213 707 9541 9455 4923 2867 1320 363 1890 4738 3760 5287 2371 1034 1864 5797 135 3612 7619 7536 7350 549 7314 5496 9902 983 5968 3467 582 5169 1956 4543 8535 5698 5302 687 7383 8108 1629 0 6711 3608 28 7288 9063 3348 4513 8122 5396
1530 9714 3661 3906 3999 6780 3188 2088 4059 9212 2249 1661 404 6788 6674 9589 37 7046 2456 4816 7488 7504 737 8670 3332 1109 6591 9700 3863 1876 2066 6936 3217 7632 4047 1413 4665 8451 3682 7338 7805 3452 1080 759 2766 1769 749 1604 4612 8587 176 4430 4921 4558 3346 7809 5645 8572 3198 5066 4283 6080 4117 4880 4213 8165 8556 927 4052 7821 6711 0 4460 8891 6331 1027 2940 4159 9102 8726
9224 3829 9111 1396 7920 428 8170 8809 0 8633 3285 2749 7797 5000 4859 1723 6636 8335 4839 6008 6904 1155 3684 7928 7573 1030 7666 9776 3546 6799 9489 8808 1239 3149 9923 8112 7183 1316 6746 3697 7962 2139 7171 950 9485 7640 8190 1653 4669 3207 4850 9083 9565 8926 1301 2995 5646 1966 4476 5453 8908 4631 3460 8341 3565 9126 2256 9786 5474 947 3608 4460 0 1965 1268 4128 1984 6282 4363 8911
5510 3742 6141 9377 3315 312 2976 8121 7566 4885 3419 9013 854 4594 1970 5300 2369 343 6339 8625 4771 2167 2586 2099 4333 183 7525 296 9724 7841 10 7022 3197 5167 5267 7608 1 2149 4757 6549 288 5062 7826 6195 7003 1907 1997 6927 1956 4234 4766 8907 2365 8865 9126 4077 9393 9828 57 9719 6014 9762 2713 7047 2501 3680 1194 8464 9232 5527 28 8891 1965 0 5272 727 2880 9672 7026 2030
6351 1584 1914 9111 9938 1220 7107 1639 4676 6283 8009 2759 1915 1806 2621 7383 4646 5889 8823 8673 5040 8425 585 567 4339 6271 3840 7140 3016 2965 9992 9935 7624 1747 7791 4221 2731 9160 9438 1298 3224 2453 8322 7419 9282 4939 6991 9993 4529 833 6674 1502 4248 3440 7798 9563 7999 3960 376 9106 4517 7617 4058 2200 1451 1092 6194 1652 9332 6913 7288 6331 1268 5272 0 2734 51 2597 6963 7157
9228 2425 111 1968 2671 8144 8115 6076 9598 3525 2025 460 1272 4678 4624 5059 8792 4948 920 255 2461 1281 1227 5432 5245 7320 9741 9731 7912 6020 7867 1012 6357 8602 928 3233 7990 5687 5091 4846 6027 1176 1575 2583 7540 1618 499 9673 361 7147 8099 8465 801 391 4358 7366 1655 8017 7067 8427 8225 5123 1695 5218 6291 1898 7263 6450 2277 5063 9063 1027 4128 727 2734 0 6215 7985 6575 7152
7727 9703 3591 9563 189 7966 6595 9222 4018 5346 5109 5231 5202 4032 944 7233 9297 3146 7774 857 764 8346 6034 359 1023 2610 3901 4286 3818 4925 3334 3291 1619 6048 7670 1572 1670 2436 9560 5538 7109 899 4874 6580 2604 4766 6990 6516 415 8124 3154 7878 3307 5182 6829 487 354 2644 3057 9802 6369 428 7860 9727 987 8775 4057 6540 6229 6067 3348 2940 1984 2880 51 6215 0 4854 3803 1014
8076 2506 3827 5571 2152 7887 2693 5933 9397 3163 3670 2706 7409 1439 5535 2085 7502 8226 8105 2659 9103 4302 3739 7226 7159 7776 8350 9819 6783 4640 349 4600 8763 2789 5935 5684 7912 8487 7431 8584 7311 3457 5584 8022 1564 8959 8723 5392 7360 104 3426 3929 3878 9520 1592 3016 5040 3137 5828 7997 6926 2808 8240 4644 2569 6953 8743 1119 5849 2471 4513 4159 6282 9672 2597 7985 4854 0 4783 8908
1714 4103 1220 7866 2591 7018 9656 5337 5844 1458 7305 816 1847 3662 7236 6744 5708 9691 3887 3066 2743 3033 7322 8769 6145 5432 6925 4178 7410 3237 8007 685 2736 4455 9871 4712 4751 4143 62 4202 6588 5217 3944 9103 2072 6202 7762 2523 8484 2710 1707 9369 4308 5870 2921 4610 8356 3319 4583 4338 5447 1392 5586 3449 2779 1949 8778 4591 3602 5361 8122 9102 4363 7026 6963 6575 3803 4783 0 8575
3826 5801 5895 8248 4789 9312 1321 3877 6348 3358 8640 4743 2182 954 9704 8459 3499 3573 1793 123 9795 1766 1298 9502 6465 2142 8315 2869 6889 2803 2331 3965 9594 4168 6175 1387 1304 4699 5298 1403 8366 3234 3161 7711 4172 5567 2722 8697 8492 7859 2800 4992 459 7186 1245 625 8635 6313 2563 3617 3447 9576 4318 6973 8828 4135 9396 8212 581 9410 5396 8726 8911 2030 7157 7152 1014 8908 8575 0
EOF
