NAME: MyData60
COMMENT: 60 nodes generated to conduct algorithm efficiency
TYPE: TSP
DIMENSION: 60
EDGE_WEIGHT_TYPE: EXPLICIT
DISPLAY_DATA_TYPE: TWOD_DISPLAY
EDGE_WEIGHT_FORMAT: FULL MATRIX
EDGE_WEIGHT_SECTION:
0 4235 2788 9838 1477 795 6892 587 5415 3729 3655 9334 2333 9107 5003 9449 4456 3785 901 2770 6880 6303 8079 2416 7179 9356 7125 5700 5446 9199 2788 3448 5164 9911 3179 6185 8044 6705 1829 8340 1178 6253 7618 5375 5645 6509 2777 9964 5762 2844 4982 900 6780 2472 2918 2479 3898 2533 1606 5174
4235 0 8697 8971 2395 8982 3099 5360 738 9309 5997 8578 5031 385 6088 6691 4155 5436 6784 215 7443 4030 677 6573 3701 489 3275 5473 2703 6681 2230 8759 8307 6862 2835 7800 2802 4201 7209 8410 7424 8578 4000 7567 1293 110 4245 4350 5412 3455 5379 4113 6879 7890 5424 4668 4248 202 9390 2696
2788 8697 0 7977 577 6433 8904 9659 8286 2757 5505 3397 1032 5252 7255 812 7490 7659 121 5816 6620 732 959 3417 2845 7451 5689 3773 433 7090 3302 4005 6670 4239 7276 3590 6650 3205 940 3047 1749 6352 2026 8967 131 9299 8692 5846 1668 1741 5521 7700 1624 3493 3247 7121 3388 7213 5664 8470
9838 8971 7977 0 2567 7657 5394 1481 1166 1800 8645 8356 2369 2152 5662 6092 5128 9260 9642 6925 9503 9630 9707 2736 7095 5047 5483 2312 1946 5205 6704 155 1083 7841 6116 3882 5932 4157 4014 3882 3795 2633 5011 4600 9657 1965 711 8089 6636 3765 9660 2005 2586 2595 3038 2410 3624 9668 1690 2409
1477 2395 577 2567 0 8914 1878 6613 4578 1403 4976 2513 3252 825 6047 6966 1980 6980 8802 2024 6964 3061 387 4677 1731 5918 409 9096 5916 1400 4514 7497 8770 5595 282 1870 8139 5077 8302 1087 5381 9077 4002 9375 4207 8922 113 4401 6538 8942 3142 7913 7556 3444 5176 547 4679 779 861 5528
795 8982 6433 7657 8914 0 2798 8097 5230 2928 1417 9967 3944 1026 6766 4879 6516 1905 4646 1281 1841 4893 720 9643 92 7848 7270 6660 7843 318 6064 4727 8820 934 3450 3 5064 8798 3955 5040 273 2170 8125 2812 7418 1714 5901 7285 1577 1950 611 4513 5006 6333 4519 2432 955 4994 2272 8852
6892 3099 8904 5394 1878 2798 0 2805 187 8397 6532 3242 8378 171 5102 2100 4131 5467 8806 4651 2081 9689 7441 5411 8296 63 2585 7442 2576 7706 1591 566 6531 8269 2408 3794 6400 8348 9184 8245 8721 6901 5027 6233 2430 3346 6381 4313 948 1784 4470 5718 1260 3625 5532 1371 6251 1035 548 8212
587 5360 9659 1481 6613 8097 2805 0 5636 2830 2838 2545 555 3586 7742 9374 4305 2009 7064 5071 7498 3717 1599 8491 7041 6829 4358 7487 8999 1389 7623 3733 5679 1595 4536 3741 2993 7366 8192 3951 1211 7294 6646 8265 6148 3121 5165 7652 1252 7959 6416 2076 1660 5149 2042 3728 3902 4906 5493 6304
5415 738 8286 1166 4578 5230 187 5636 0 1334 4793 4130 8564 8934 4317 4581 5614 6543 9817 5255 641 4444 9914 7710 9240 7458 80 5365 2222 672 7166 3846 2933 2263 6777 8210 9165 7857 3132 8851 634 3878 1629 2405 6855 2799 6522 6353 9628 330 3836 3648 6815 2705 4237 4306 9933 4324 9141 2610
3729 9309 2757 1800 1403 2928 8397 2830 1334 0 9294 9826 3867 9193 87 8100 5844 8459 2754 6114 9190 4782 8109 3522 1599 4732 4499 6583 2627 5901 1579 6847 1173 280 6516 9006 977 4186 4792 4333 6369 469 7264 3750 2357 4994 6281 6819 9548 4826 7484 4331 5425 172 9144 1198 7240 171 1141 9914
3655 5997 5505 8645 4976 1417 6532 2838 4793 9294 0 1713 6075 5970 8756 7707 1366 8892 9004 5466 6582 564 7776 4699 7712 6076 5815 7845 6510 5455 4143 9835 9831 9273 7448 1566 2171 837 7946 208 5087 1851 675 1922 759 2245 3496 2093 7148 5159 8350 4977 9011 7954 8517 1910 5690 2639 9291 6802
9334 8578 3397 8356 2513 9967 3242 2545 4130 9826 1713 0 137 3975 8987 7341 7701 6219 9576 7410 3262 805 9812 3343 8230 8587 3440 5159 24 2627 9303 9435 3572 5572 366 509 1171 2172 2571 4607 4775 990 1399 1884 1402 6308 214 8463 6800 6238 200 6406 9214 6123 3955 5803 5540 1521 9403 8717
2333 5031 1032 2369 3252 3944 8378 555 8564 3867 6075 137 0 7395 8568 331 371 4813 7238 9094 5607 2813 5328 3637 6327 6555 962 9064 8833 2264 5295 6161 6193 7326 3943 8586 4143 9910 3540 1901 8505 4341 8037 1058 7079 7771 3700 9584 7857 575 5268 8215 3541 2803 1282 9655 3492 3855 1626 6296
9107 385 5252 2152 825 1026 171 3586 8934 9193 5970 3975 7395 0 7198 5554 7096 1854 8354 2300 7046 9851 8379 66 2839 8066 4498 9630 3376 9148 5855 2496 9503 5723 6599 8816 6408 657 1452 4218 4992 5904 5082 8062 203 4633 5832 7913 2567 3973 5436 390 1074 4372 2970 2801 1747 4255 4996 9926
5003 6088 7255 5662 6047 6766 5102 7742 4317 87 8756 8987 8568 7198 0 4340 671 2253 440 5921 6944 9016 6216 9793 1774 6668 1616 6746 2641 8841 6061 2524 2157 661 4021 6069 5738 5909 3804 7546 7700 3726 8550 2518 4270 4502 6712 9413 6879 5113 7211 3899 3985 7402 8798 8208 9947 7341 6326 9581
9449 6691 812 6092 6966 4879 2100 9374 4581 8100 7707 7341 331 5554 4340 0 1921 8288 1611 5763 2846 3340 5768 1615 5084 7362 8389 3414 4842 1647 1080 7049 9320 3490 1553 8757 192 5237 3602 2621 2179 8984 8823 3190 9825 2436 8517 5586 8338 2939 7471 2065 2590 7495 1760 9019 4749 136 6489 6052
4456 4155 7490 5128 1980 6516 4131 4305 5614 5844 1366 7701 371 7096 671 1921 0 1513 8748 323 3995 8678 9529 4657 9986 2234 1668 6662 7010 1097 989 6157 2084 6194 5049 4445 9151 661 94 4852 9615 1787 9606 3552 4475 3688 7887 2480 3000 8186 4274 2208 1070 2532 4580 3 7614 8659 1857 3451
3785 5436 7659 9260 6980 1905 5467 2009 6543 8459 8892 6219 4813 1854 2253 8288 1513 0 7789 1217 5175 7746 6176 720 9117 1685 7830 6590 206 1352 4192 752 4674 3565 1630 9247 2680 5970 1473 2166 9255 5739 704 1967 9196 2252 1652 8000 4091 5534 544 4376 59 6206 5684 4459 9157 2047 4387 7473
901 6784 121 9642 8802 4646 8806 7064 9817 2754 9004 9576 7238 8354 440 1611 8748 7789 0 2609 7698 2789 9932 2365 896 373 7818 8885 301 4597 4864 9373 8380 8479 6238 9242 627 5500 8850 5127 6519 5434 4961 8423 5888 1108 2273 6952 8185 2810 5622 2083 2248 6465 6524 43 269 3629 9584 8561
2770 215 5816 6925 2024 1281 4651 5071 5255 6114 5466 7410 9094 2300 5921 5763 323 1217 2609 0 7693 9313 6264 5143 7785 4085 2835 8990 22 2003 4695 3359 3834 9013 7017 8610 2932 7779 5261 1798 3850 1633 2404 3601 3488 2554 2551 855 4488 807 4564 5751 7156 2070 7335 2387 1031 9954 5959 7935
6880 7443 6620 9503 6964 1841 2081 7498 641 9190 6582 3262 5607 7046 6944 2846 3995 5175 7698 7693 0 1258 406 6002 5479 9750 317 5947 2293 4263 1726 1261 845 9496 1056 5799 2400 1934 9298 8866 1609 3316 5283 3572 1552 7430 3730 6180 358 7795 3248 4451 8414 6864 4034 9229 1740 141 1900 4566
6303 4030 732 9630 3061 4893 9689 3717 4444 4782 564 805 2813 9851 9016 3340 8678 7746 2789 9313 1258 0 6888 5851 3675 3923 9795 2315 5690 8253 8651 4111 9241 4654 8009 3558 7146 3824 2382 7094 1316 2257 1959 8361 9958 3401 6317 2668 8349 5252 3154 1584 7626 9542 9978 1778 9756 3620 5013 6890
8079 677 959 9707 387 720 7441 1599 9914 8109 7776 9812 5328 8379 6216 5768 9529 6176 9932 6264 406 6888 0 1971 3445 6966 8182 5832 7260 5793 8949 5999 7539 5583 3320 3681 9284 4797 8371 7231 2973 9792 1230 744 5510 5079 6105 8702 5853 3468 70 6065 4333 3935 9651 8194 7641 1037 1837 2414
2416 6573 3417 2736 4677 9643 5411 8491 7710 3522 4699 3343 3637 66 9793 1615 4657 720 2365 5143 6002 5851 1971 0 7948 6651 7675 7190 388 781 6545 8970 2059 1524 1392 4519 5647 514 2513 2981 3889 724 3941 4792 3624 6258 5066 6020 3319 7957 7515 4404 9628 8511 6172 8118 8538 9970 690 4135
7179 3701 2845 7095 1731 92 8296 7041 9240 1599 7712 8230 6327 2839 1774 5084 9986 9117 896 7785 5479 3675 3445 7948 0 9341 2144 1736 708 9430 3737 7149 4840 177 1635 5879 8885 8690 9778 8431 4961 2584 4992 305 1495 8348 1159 3280 1028 20 5070 1091 8043 848 4050 2048 3889 4091 3059 1567
9356 489 7451 5047 5918 7848 63 6829 7458 4732 6076 8587 6555 8066 6668 7362 2234 1685 373 4085 9750 3923 6966 6651 9341 0 6496 5567 7259 1892 2120 3214 6875 1471 9702 6102 9366 9303 5980 8420 5752 9788 5686 4658 8910 6269 1743 267 9411 8015 3334 2417 8166 4644 4259 8748 8810 3416 1921 7361
7125 3275 5689 5483 409 7270 2585 4358 80 4499 5815 3440 962 4498 1616 8389 1668 7830 7818 2835 317 9795 8182 7675 2144 6496 0 1325 79 6796 1519 9581 3993 7351 3022 6255 477 285 1614 5783 9109 988 9893 7532 9009 3768 6542 3462 8021 7719 1649 3674 1335 7841 7668 2610 1625 4447 6802 1227
5700 5473 3773 2312 9096 6660 7442 7487 5365 6583 7845 5159 9064 9630 6746 3414 6662 6590 8885 8990 5947 2315 5832 7190 1736 5567 1325 0 8531 5958 2484 237 5319 8082 322 6371 5235 1550 8773 3299 5005 861 42 4552 3259 1680 286 833 9951 4262 9853 2381 5204 1834 5304 3523 375 7741 6669 5316
5446 2703 433 1946 5916 7843 2576 8999 2222 2627 6510 24 8833 3376 2641 4842 7010 206 301 22 2293 5690 7260 388 708 7259 79 8531 0 3118 5641 4101 929 3092 1392 3304 7201 2694 959 8058 6701 5176 9400 3422 538 1505 41 7547 5779 3601 6937 1787 7883 7447 1645 8275 2344 3129 9307 7770
9199 6681 7090 5205 1400 318 7706 1389 672 5901 5455 2627 2264 9148 8841 1647 1097 1352 4597 2003 4263 8253 5793 781 9430 1892 6796 5958 3118 0 2327 3136 8256 8985 1174 7369 7965 4792 5533 656 6766 7633 9371 2274 5662 5841 2040 6536 6902 8392 1503 8066 1724 230 4768 7084 693 727 7282 3770
2788 2230 3302 6704 4514 6064 1591 7623 7166 1579 4143 9303 5295 5855 6061 1080 989 4192 4864 4695 1726 8651 8949 6545 3737 2120 1519 2484 5641 2327 0 8117 3814 5263 9572 2687 2167 8990 8891 5854 9370 56 2119 6167 1981 2985 9233 2451 7171 4325 6986 1020 1142 1142 8098 2748 5383 5995 7027 6631
3448 8759 4005 155 7497 4727 566 3733 3846 6847 9835 9435 6161 2496 2524 7049 6157 752 9373 3359 1261 4111 5999 8970 7149 3214 9581 237 4101 3136 8117 0 3273 2710 2635 5841 4530 2352 4343 5513 6376 2136 9993 1811 715 2644 1879 5113 557 7259 1695 7785 9871 9762 1438 6069 1814 5602 1074 611
5164 8307 6670 1083 8770 8820 6531 5679 2933 1173 9831 3572 6193 9503 2157 9320 2084 4674 8380 3834 845 9241 7539 2059 4840 6875 3993 5319 929 8256 3814 3273 0 9638 5727 5383 2427 5462 2437 7769 5957 3908 1724 759 2010 5507 5499 8633 6334 7561 5456 405 9706 408 2926 6639 2086 9302 1856 2094
9911 6862 4239 7841 5595 934 8269 1595 2263 280 9273 5572 7326 5723 661 3490 6194 3565 8479 9013 9496 4654 5583 1524 177 1471 7351 8082 3092 8985 5263 2710 9638 0 9395 8284 1716 1608 9911 2803 2273 4249 4538 4351 7175 6303 9589 9137 7154 4855 4559 7439 9354 2583 3312 8874 5719 2428 3395 5842
3179 2835 7276 6116 282 3450 2408 4536 6777 6516 7448 366 3943 6599 4021 1553 5049 1630 6238 7017 1056 8009 3320 1392 1635 9702 3022 322 1392 1174 9572 2635 5727 9395 0 8098 8291 3554 3879 3406 2021 9999 2143 8374 1019 7754 7507 6958 2533 737 6040 3054 2049 656 7876 3055 4576 9498 5209 7858
6185 7800 3590 3882 1870 3 3794 3741 8210 9006 1566 509 8586 8816 6069 8757 4445 9247 9242 8610 5799 3558 3681 4519 5879 6102 6255 6371 3304 7369 2687 5841 5383 8284 8098 0 1884 221 905 427 387 9792 595 1352 21 9317 1006 4444 7401 101 8871 8936 814 9747 7827 8444 383 8954 6249 4205
8044 2802 6650 5932 8139 5064 6400 2993 9165 977 2171 1171 4143 6408 5738 192 9151 2680 627 2932 2400 7146 9284 5647 8885 9366 477 5235 7201 7965 2167 4530 2427 1716 8291 1884 0 5634 5798 9137 1364 8258 7675 8082 8321 3410 4899 9111 8277 4570 9902 9487 2254 1399 7553 7299 5431 5749 7174 8935
6705 4201 3205 4157 5077 8798 8348 7366 7857 4186 837 2172 9910 657 5909 5237 661 5970 5500 7779 1934 3824 4797 514 8690 9303 285 1550 2694 4792 8990 2352 5462 1608 3554 221 5634 0 3668 9904 5415 8788 8400 9559 4308 2105 1771 2595 1815 8248 6379 1840 5576 8188 5783 6560 6751 5522 2421 7171
1829 7209 940 4014 8302 3955 9184 8192 3132 4792 7946 2571 3540 1452 3804 3602 94 1473 8850 5261 9298 2382 8371 2513 9778 5980 1614 8773 959 5533 8891 4343 2437 9911 3879 905 5798 3668 0 940 6148 2120 5288 9168 4598 1602 2867 7868 9566 4502 7187 4785 192 7864 5199 8356 8805 4021 2621 194
8340 8410 3047 3882 1087 5040 8245 3951 8851 4333 208 4607 1901 4218 7546 2621 4852 2166 5127 1798 8866 7094 7231 2981 8431 8420 5783 3299 8058 656 5854 5513 7769 2803 3406 427 9137 9904 940 0 8478 7119 547 162 6318 2521 1524 9166 6778 3079 7152 9266 1125 6988 7654 9885 8899 9416 9073 2482
1178 7424 1749 3795 5381 273 8721 1211 634 6369 5087 4775 8505 4992 7700 2179 9615 9255 6519 3850 1609 1316 2973 3889 4961 5752 9109 5005 6701 6766 9370 6376 5957 2273 2021 387 1364 5415 6148 8478 0 297 4530 5320 1592 2347 9186 6949 8471 9667 8392 6951 2886 914 711 4053 5335 9371 8194 9776
6253 8578 6352 2633 9077 2170 6901 7294 3878 469 1851 990 4341 5904 3726 8984 1787 5739 5434 1633 3316 2257 9792 724 2584 9788 988 861 5176 7633 56 2136 3908 4249 9999 9792 8258 8788 2120 7119 297 0 5464 6522 2392 5598 8798 7485 8475 1659 2581 593 2716 5714 4013 9287 1442 8293 6919 1888
7618 4000 2026 5011 4002 8125 5027 6646 1629 7264 675 1399 8037 5082 8550 8823 9606 704 4961 2404 5283 1959 1230 3941 4992 5686 9893 42 9400 9371 2119 9993 1724 4538 2143 595 7675 8400 5288 547 4530 5464 0 8128 8154 8139 25 4212 5445 6342 2244 2262 7850 9527 1576 8419 2463 9813 2906 598
5375 7567 8967 4600 9375 2812 6233 8265 2405 3750 1922 1884 1058 8062 2518 3190 3552 1967 8423 3601 3572 8361 744 4792 305 4658 7532 4552 3422 2274 6167 1811 759 4351 8374 1352 8082 9559 9168 162 5320 6522 8128 0 4990 7477 3410 7168 1242 731 8107 7997 9102 8214 614 4786 8402 5312 1855 1317
5645 1293 131 9657 4207 7418 2430 6148 6855 2357 759 1402 7079 203 4270 9825 4475 9196 5888 3488 1552 9958 5510 3624 1495 8910 9009 3259 538 5662 1981 715 2010 7175 1019 21 8321 4308 4598 6318 1592 2392 8154 4990 0 4165 6486 9589 3218 7745 5673 9116 2867 532 307 5599 4770 9404 9419 7122
6509 110 9299 1965 8922 1714 3346 3121 2799 4994 2245 6308 7771 4633 4502 2436 3688 2252 1108 2554 7430 3401 5079 6258 8348 6269 3768 1680 1505 5841 2985 2644 5507 6303 7754 9317 3410 2105 1602 2521 2347 5598 8139 7477 4165 0 1068 3507 474 7824 7224 2909 9959 4132 8284 2939 5852 4713 1397 401
2777 4245 8692 711 113 5901 6381 5165 6522 6281 3496 214 3700 5832 6712 8517 7887 1652 2273 2551 3730 6317 6105 5066 1159 1743 6542 286 41 2040 9233 1879 5499 9589 7507 1006 4899 1771 2867 1524 9186 8798 25 3410 6486 1068 0 4892 5468 355 2143 3199 319 5219 7069 5519 8520 4837 5814 1851
9964 4350 5846 8089 4401 7285 4313 7652 6353 6819 2093 8463 9584 7913 9413 5586 2480 8000 6952 855 6180 2668 8702 6020 3280 267 3462 833 7547 6536 2451 5113 8633 9137 6958 4444 9111 2595 7868 9166 6949 7485 4212 7168 9589 3507 4892 0 5924 1366 7455 4944 5004 4852 3549 7784 2033 532 5005 6007
5762 5412 1668 6636 6538 1577 948 1252 9628 9548 7148 6800 7857 2567 6879 8338 3000 4091 8185 4488 358 8349 5853 3319 1028 9411 8021 9951 5779 6902 7171 557 6334 7154 2533 7401 8277 1815 9566 6778 8471 8475 5445 1242 3218 474 5468 5924 0 2574 3440 6822 6660 5513 6163 5643 3018 8052 2646 6065
2844 3455 1741 3765 8942 1950 1784 7959 330 4826 5159 6238 575 3973 5113 2939 8186 5534 2810 807 7795 5252 3468 7957 20 8015 7719 4262 3601 8392 4325 7259 7561 4855 737 101 4570 8248 4502 3079 9667 1659 6342 731 7745 7824 355 1366 2574 0 2755 8555 7265 1836 9912 8022 7004 5006 9259 6124
4982 5379 5521 9660 3142 611 4470 6416 3836 7484 8350 200 5268 5436 7211 7471 4274 544 5622 4564 3248 3154 70 7515 5070 3334 1649 9853 6937 1503 6986 1695 5456 4559 6040 8871 9902 6379 7187 7152 8392 2581 2244 8107 5673 7224 2143 7455 3440 2755 0 9206 2584 9672 4639 6321 2143 6236 9828 9978
900 4113 7700 2005 7913 4513 5718 2076 3648 4331 4977 6406 8215 390 3899 2065 2208 4376 2083 5751 4451 1584 6065 4404 1091 2417 3674 2381 1787 8066 1020 7785 405 7439 3054 8936 9487 1840 4785 9266 6951 593 2262 7997 9116 2909 3199 4944 6822 8555 9206 0 5356 5823 6681 1419 6952 2318 1848 1974
6780 6879 1624 2586 7556 5006 1260 1660 6815 5425 9011 9214 3541 1074 3985 2590 1070 59 2248 7156 8414 7626 4333 9628 8043 8166 1335 5204 7883 1724 1142 9871 9706 9354 2049 814 2254 5576 192 1125 2886 2716 7850 9102 2867 9959 319 5004 6660 7265 2584 5356 0 7882 9986 4955 3669 9320 8591 7792
2472 7890 3493 2595 3444 6333 3625 5149 2705 172 7954 6123 2803 4372 7402 7495 2532 6206 6465 2070 6864 9542 3935 8511 848 4644 7841 1834 7447 230 1142 9762 408 2583 656 9747 1399 8188 7864 6988 914 5714 9527 8214 532 4132 5219 4852 5513 1836 9672 5823 7882 0 346 3451 8421 8495 8063 4702
2918 5424 3247 3038 5176 4519 5532 2042 4237 9144 8517 3955 1282 2970 8798 1760 4580 5684 6524 7335 4034 9978 9651 6172 4050 4259 7668 5304 1645 4768 8098 1438 2926 3312 7876 7827 7553 5783 5199 7654 711 4013 1576 614 307 8284 7069 3549 6163 9912 4639 6681 9986 346 0 3079 9410 5993 3490 6137
2479 4668 7121 2410 547 2432 1371 3728 4306 1198 1910 5803 9655 2801 8208 9019 3 4459 43 2387 9229 1778 8194 8118 2048 8748 2610 3523 8275 7084 2748 6069 6639 8874 3055 8444 7299 6560 8356 9885 4053 9287 8419 4786 5599 2939 5519 7784 5643 8022 6321 1419 4955 3451 3079 0 4555 5633 2027 3255
3898 4248 3388 3624 4679 955 6251 3902 9933 7240 5690 5540 3492 1747 9947 4749 7614 9157 269 1031 1740 9756 7641 8538 3889 8810 1625 375 2344 693 5383 1814 2086 5719 4576 383 5431 6751 8805 8899 5335 1442 2463 8402 4770 5852 8520 2033 3018 7004 2143 6952 3669 8421 9410 4555 0 7604 547 7848
2533 202 7213 9668 779 4994 1035 4906 4324 171 2639 1521 3855 4255 7341 136 8659 2047 3629 9954 141 3620 1037 9970 4091 3416 4447 7741 3129 727 5995 5602 9302 2428 9498 8954 5749 5522 4021 9416 9371 8293 9813 5312 9404 4713 4837 532 8052 5006 6236 2318 9320 8495 5993 5633 7604 0 3495 2336
1606 9390 5664 1690 861 2272 548 5493 9141 1141 9291 9403 1626 4996 6326 6489 1857 4387 9584 5959 1900 5013 1837 690 3059 1921 6802 6669 9307 7282 7027 1074 1856 3395 5209 6249 7174 2421 2621 9073 8194 6919 2906 1855 9419 1397 5814 5005 2646 9259 9828 1848 8591 8063 3490 2027 547 3495 0 6681
5174 2696 8470 2409 5528 8852 8212 6304 2610 9914 6802 8717 6296 9926 9581 6052 3451 7473 8561 7935 4566 6890 2414 4135 1567 7361 1227 5316 7770 3770 6631 611 2094 5842 7858 4205 8935 7171 194 2482 9776 1888 598 1317 7122 401 1851 6007 6065 6124 9978 1974 7792 4702 6137 3255 7848 2336 6681 0
EOF
