NAME: MyData30
COMMENT: 30 nodes generated to conduct algorithm efficiency
TYPE: TSP
DIMENSION: 30
EDGE_WEIGHT_TYPE: EXPLICIT
DISPLAY_DATA_TYPE: TWOD_DISPLAY
EDGE_WEIGHT_FORMAT: FULL MATRIX
EDGE_WEIGHT_SECTION:
0 7395 1871 2672 28 3060 9799 5544 6061 5045 5908 6691 1687 8992 7390 725 5079 6878 1987 7091 6556 1435 5339 643 7799 3059 9145 8621 2325 1127
7395 0 7763 6946 6963 1801 4882 3701 4065 8027 8161 1916 6310 8134 3449 2462 5142 6527 4475 7694 5935 4233 490 7840 358 8811 2849 2719 5630 9287
1871 7763 0 9637 6579 5437 4608 1893 7980 4234 5472 6364 7960 2058 9838 7771 9292 9799 9177 9664 7180 7245 6778 9345 7928 3545 4209 4834 1627 7642
2672 6946 9637 0 8211 7603 9762 422 3732 9910 4730 4139 9275 6313 1210 6026 6941 2720 7498 5171 1091 6155 7638 9936 2354 2001 5181 4357 1145 2762
28 6963 6579 8211 0 1121 7228 5130 5267 935 6695 9039 3015 774 8860 7104 2190 940 4137 3281 5536 6613 946 452 3094 6380 3332 6877 6746 522
3060 1801 5437 7603 1121 0 9980 102 2815 9940 5916 8310 4471 4129 5783 7724 5134 334 6650 406 143 3323 534 7227 8867 9075 429 2722 3680 8651
9799 4882 4608 9762 7228 9980 0 5510 8793 8997 7320 490 3929 7457 1552 1927 1798 7834 6976 2960 3041 8020 9924 7032 3239 6932 1087 4429 7268 5086
5544 3701 1893 422 5130 102 5510 0 313 172 7325 2831 6806 9390 8879 5704 4916 9912 2685 7725 2979 14 8153 3942 8023 1347 7155 754 622 8527
6061 4065 7980 3732 5267 2815 8793 313 0 1921 5640 4709 4959 7240 5466 6201 1868 6994 8033 6344 2763 2144 5753 4894 6969 4131 5247 9419 6697 8845
5045 8027 4234 9910 935 9940 8997 172 1921 0 3768 9003 4585 1489 879 6891 2981 5346 5906 2669 2485 4275 8432 285 4313 8574 3901 9159 3680 1363
5908 8161 5472 4730 6695 5916 7320 7325 5640 3768 0 7531 3974 5720 2861 3672 7281 3120 4912 3241 7328 1305 5057 3354 7290 438 9579 2622 5741 9530
6691 1916 6364 4139 9039 8310 490 2831 4709 9003 7531 0 8215 4495 6412 4486 6787 8390 3420 1487 1641 4772 4404 3250 295 5036 5798 7041 349 9625
1687 6310 7960 9275 3015 4471 3929 6806 4959 4585 3974 8215 0 5578 5763 4220 2515 4166 7938 8409 1650 88 4836 8021 8265 2655 4804 1787 2892 2552
8992 8134 2058 6313 774 4129 7457 9390 7240 1489 5720 4495 5578 0 842 5851 5010 4168 3127 8164 8579 577 3302 5894 4729 6283 4658 3949 4799 5262
7390 3449 9838 1210 8860 5783 1552 8879 5466 879 2861 6412 5763 842 0 8550 3081 717 6490 146 1947 8793 2003 6163 7928 3901 2020 7090 7390 8473
725 2462 7771 6026 7104 7724 1927 5704 6201 6891 3672 4486 4220 5851 8550 0 4835 6523 7331 8875 3423 3217 8978 4355 644 2871 9674 5026 2336 8757
5079 5142 9292 6941 2190 5134 1798 4916 1868 2981 7281 6787 2515 5010 3081 4835 0 1014 9593 774 9782 5707 3760 3793 6553 2396 3588 3662 6760 3094
6878 6527 9799 2720 940 334 7834 9912 6994 5346 3120 8390 4166 4168 717 6523 1014 0 1380 4794 4334 801 6477 8463 8768 2113 3230 4159 3434 6366
1987 4475 9177 7498 4137 6650 6976 2685 8033 5906 4912 3420 7938 3127 6490 7331 9593 1380 0 6220 8813 690 816 3382 8399 364 9107 5534 7961 2993
7091 7694 9664 5171 3281 406 2960 7725 6344 2669 3241 1487 8409 8164 146 8875 774 4794 6220 0 5171 9475 3679 231 7831 5996 5635 9445 9858 2021
6556 5935 7180 1091 5536 143 3041 2979 2763 2485 7328 1641 1650 8579 1947 3423 9782 4334 8813 5171 0 7993 372 4518 6026 232 2974 3893 7703 8294
1435 4233 7245 6155 6613 3323 8020 14 2144 4275 1305 4772 88 577 8793 3217 5707 801 690 9475 7993 0 7365 3606 3214 3493 6336 1600 12 8483
5339 490 6778 7638 946 534 9924 8153 5753 8432 5057 4404 4836 3302 2003 8978 3760 6477 816 3679 372 7365 0 3801 4782 3158 2559 6953 479 5781
643 7840 9345 9936 452 7227 7032 3942 4894 285 3354 3250 8021 5894 6163 4355 3793 8463 3382 231 4518 3606 3801 0 4987 4030 4316 1358 5070 8216
7799 358 7928 2354 3094 8867 3239 8023 6969 4313 7290 295 8265 4729 7928 644 6553 8768 8399 7831 6026 3214 4782 4987 0 2149 8119 9047 9791 7305
3059 8811 3545 2001 6380 9075 6932 1347 4131 8574 438 5036 2655 6283 3901 2871 2396 2113 364 5996 232 3493 3158 4030 2149 0 5348 2745 5702 3507
9145 2849 4209 5181 3332 429 1087 7155 5247 3901 9579 5798 4804 4658 2020 9674 3588 3230 9107 5635 2974 6336 2559 4316 8119 5348 0 4904 4656 3873
8621 2719 4834 4357 6877 2722 4429 754 9419 9159 2622 7041 1787 3949 7090 5026 3662 4159 5534 9445 3893 1600 6953 1358 9047 2745 4904 0 4488 8952
2325 5630 1627 1145 6746 3680 7268 622 6697 3680 5741 349 2892 4799 7390 2336 6760 3434 7961 9858 7703 12 479 5070 9791 5702 4656 4488 0 5050
1127 9287 7642 2762 522 8651 5086 8527 8845 1363 9530 9625 2552 5262 8473 8757 3094 6366 2993 2021 8294 8483 5781 8216 7305 3507 3873 8952 5050 0
EOF
