NAME: MyData40
COMMENT: 40 nodes generated to conduct algorithm efficiency
TYPE: TSP
DIMENSION: 40
EDGE_WEIGHT_TYPE: EXPLICIT
DISPLAY_DATA_TYPE: TWOD_DISPLAY
EDGE_WEIGHT_FORMAT: FULL MATRIX
EDGE_WEIGHT_SECTION:
0 3576 423 868 5106 5440 3651 4233 7365 5571 3774 2144 9771 6872 9737 5949 2914 6090 2516 2789 6912 4155 8997 4299 2636 6941 4388 4336 2290 8473 9845 1548 1756 1891 152 533 2507 1931 1743 8200
3576 0 3014 6321 2154 1550 1306 221 1576 762 9126 4241 9364 3234 7666 3879 8796 7559 8592 7290 8256 3152 6938 9810 729 1747 3730 1860 3420 3304 6263 9540 7734 9589 7531 1215 9210 3637 5923 2969
423 3014 0 3001 6940 8616 7700 179 5179 7828 9823 9988 1000 9842 5133 2683 7301 8243 4567 8999 3630 3611 8240 8947 7696 737 3987 9676 2399 464 1735 5061 4250 2706 5868 1386 855 6270 8131 3946
868 6321 3001 0 1224 4278 2290 5794 2859 6977 338 1620 8830 3549 2188 7364 3452 7070 2504 2612 7438 9832 4599 4763 2878 2251 1804 8185 4618 5726 1192 9779 8599 3222 1272 5502 3775 1408 8493 563
5106 2154 6940 1224 0 8663 7516 326 2011 6625 4155 6700 9427 3886 1241 5367 7551 4122 1091 2341 2677 1341 135 8812 5253 7792 4187 3258 1198 6518 7771 5519 2272 2435 3749 8110 6564 3216 1203 65
5440 1550 8616 4278 8663 0 3361 9331 6192 8061 4667 1007 9070 4837 9409 3517 4880 9952 4687 4072 7178 279 7694 674 6715 3723 7322 713 3795 2624 970 8555 896 7926 5732 1371 4688 4868 3570 1289
3651 1306 7700 2290 7516 3361 0 4550 100 615 1130 2242 7545 5442 4984 8157 8684 7452 7727 5992 8976 5528 3994 133 837 3268 3122 3142 4145 5230 1050 4954 5545 7034 9998 3167 6353 7724 6245 4228
4233 221 179 5794 326 9331 4550 0 6286 8965 671 1056 193 7270 8310 3207 9889 5666 5844 8456 7226 255 51 6871 3932 525 1889 6496 5223 7289 672 8207 9677 8165 7434 9342 4248 7409 3420 5073
7365 1576 5179 2859 2011 6192 100 6286 0 780 6888 6026 857 6761 8728 8170 3686 7887 1261 8179 9933 8652 1303 678 4241 3675 5685 7588 6582 3820 4017 4257 4934 7993 8300 4426 2401 9003 4635 3668
5571 762 7828 6977 6625 8061 615 8965 780 0 8238 1040 5812 7514 7117 1282 7113 6886 3765 6385 2079 7783 4335 6402 9920 931 5306 3770 2749 9874 4532 8931 612 949 8040 6518 6320 8591 8024 3406
3774 9126 9823 338 4155 4667 1130 671 6888 8238 0 6056 8460 7725 6610 9690 6882 4738 3604 3786 2818 7934 5315 8060 1152 3687 1106 9641 5409 3537 2915 1884 6965 6225 9334 9664 891 7606 1643 4140
2144 4241 9988 1620 6700 1007 2242 1056 6026 1040 6056 0 1333 6233 976 8107 9175 4438 9517 7830 8708 3359 7886 8673 8247 5475 8143 652 5863 749 7807 8965 5234 5339 7388 874 7818 7956 7770 753
9771 9364 1000 8830 9427 9070 7545 193 857 5812 8460 1333 0 123 9803 2005 9202 3082 5726 9463 8970 8462 4549 3318 5956 9724 7846 6671 4814 8562 2390 3099 5805 1376 3869 1853 8680 8546 8862 7059
6872 3234 9842 3549 3886 4837 5442 7270 6761 7514 7725 6233 123 0 2949 4714 4321 526 2857 8724 2570 7348 8481 7403 2226 64 7231 3250 2674 3901 3850 8623 7075 9401 4963 4836 1886 9082 3912 9371
9737 7666 5133 2188 1241 9409 4984 8310 8728 7117 6610 976 9803 2949 0 7105 9672 3786 2509 2765 8910 754 2786 4787 4293 2448 9161 3158 2490 2825 4496 3952 6598 6794 6114 381 1967 2705 9692 5165
5949 3879 2683 7364 5367 3517 8157 3207 8170 1282 9690 8107 2005 4714 7105 0 3329 3342 9861 7497 8561 2877 613 4330 8794 1339 7508 3330 7049 6072 3254 8635 2549 11 4573 7629 2032 4813 5244 2828
2914 8796 7301 3452 7551 4880 8684 9889 3686 7113 6882 9175 9202 4321 9672 3329 0 5514 2840 7867 6574 9294 3313 9285 8680 532 3976 9818 5566 3742 2387 561 5700 4698 1988 9447 1881 1525 7243 6799
6090 7559 8243 7070 4122 9952 7452 5666 7887 6886 4738 4438 3082 526 3786 3342 5514 0 7327 7224 3186 3586 414 4556 137 3044 5065 6408 9325 1932 5006 6605 8570 721 6459 8293 6000 169 8648 1250
2516 8592 4567 2504 1091 4687 7727 5844 1261 3765 3604 9517 5726 2857 2509 9861 2840 7327 0 7312 2629 8191 9574 2123 2444 4486 997 8603 6436 6994 7238 4852 2132 8064 8281 6671 1249 1747 398 6595
2789 7290 8999 2612 2341 4072 5992 8456 8179 6385 3786 7830 9463 8724 2765 7497 7867 7224 7312 0 6594 4008 2453 7113 5763 9885 5622 2101 4408 8483 8159 8838 4426 8640 9730 5983 9657 5772 3904 136
6912 8256 3630 7438 2677 7178 8976 7226 9933 2079 2818 8708 8970 2570 8910 8561 6574 3186 2629 6594 0 136 7899 220 5325 7738 7199 5628 3148 1349 15 2152 3711 6073 5718 4151 7038 6646 8471 8072
4155 3152 3611 9832 1341 279 5528 255 8652 7783 7934 3359 8462 7348 754 2877 9294 3586 8191 4008 136 0 7226 3578 5592 6385 5223 9584 7136 8719 6052 4775 2854 2429 4563 4415 8344 2752 4674 8444
8997 6938 8240 4599 135 7694 3994 51 1303 4335 5315 7886 4549 8481 2786 613 3313 414 9574 2453 7899 7226 0 5719 7226 6565 8183 7865 5454 6562 442 1243 1860 5162 2062 2465 1586 2108 7802 912
4299 9810 8947 4763 8812 674 133 6871 678 6402 8060 8673 3318 7403 4787 4330 9285 4556 2123 7113 220 3578 5719 0 5949 7587 3225 1722 931 9608 5331 8270 6807 3136 6069 5410 8539 46 6879 4980
2636 729 7696 2878 5253 6715 837 3932 4241 9920 1152 8247 5956 2226 4293 8794 8680 137 2444 5763 5325 5592 7226 5949 0 6847 1715 8836 3452 8996 9886 1016 6361 5222 7644 3622 4043 3546 6625 8301
6941 1747 737 2251 7792 3723 3268 525 3675 931 3687 5475 9724 64 2448 1339 532 3044 4486 9885 7738 6385 6565 7587 6847 0 5639 4061 6159 1056 8045 8916 3761 4134 8180 3371 3290 6060 7150 8242
4388 3730 3987 1804 4187 7322 3122 1889 5685 5306 1106 8143 7846 7231 9161 7508 3976 5065 997 5622 7199 5223 8183 3225 1715 5639 0 130 9210 5139 2196 3247 6925 256 6647 5044 2337 8143 5565 7301
4336 1860 9676 8185 3258 713 3142 6496 7588 3770 9641 652 6671 3250 3158 3330 9818 6408 8603 2101 5628 9584 7865 1722 8836 4061 130 0 2838 3222 3713 7655 1864 1684 7802 8101 3506 2696 53 1567
2290 3420 2399 4618 1198 3795 4145 5223 6582 2749 5409 5863 4814 2674 2490 7049 5566 9325 6436 4408 3148 7136 5454 931 3452 6159 9210 2838 0 7925 5670 6650 5298 6242 6075 5822 3499 1401 7275 8820
8473 3304 464 5726 6518 2624 5230 7289 3820 9874 3537 749 8562 3901 2825 6072 3742 1932 6994 8483 1349 8719 6562 9608 8996 1056 5139 3222 7925 0 5095 3192 5989 4099 9931 3259 2322 4161 6509 9011
9845 6263 1735 1192 7771 970 1050 672 4017 4532 2915 7807 2390 3850 4496 3254 2387 5006 7238 8159 15 6052 442 5331 9886 8045 2196 3713 5670 5095 0 7824 4875 4725 9260 9781 7213 1055 9049 1771
1548 9540 5061 9779 5519 8555 4954 8207 4257 8931 1884 8965 3099 8623 3952 8635 561 6605 4852 8838 2152 4775 1243 8270 1016 8916 3247 7655 6650 3192 7824 0 859 4455 7305 420 5473 1509 8257 2269
1756 7734 4250 8599 2272 896 5545 9677 4934 612 6965 5234 5805 7075 6598 2549 5700 8570 2132 4426 3711 2854 1860 6807 6361 3761 6925 1864 5298 5989 4875 859 0 8959 6218 3724 7727 8678 3937 4185
1891 9589 2706 3222 2435 7926 7034 8165 7993 949 6225 5339 1376 9401 6794 11 4698 721 8064 8640 6073 2429 5162 3136 5222 4134 256 1684 6242 4099 4725 4455 8959 0 2611 8144 6683 3278 5226 8208
152 7531 5868 1272 3749 5732 9998 7434 8300 8040 9334 7388 3869 4963 6114 4573 1988 6459 8281 9730 5718 4563 2062 6069 7644 8180 6647 7802 6075 9931 9260 7305 6218 2611 0 5970 1996 2586 6928 1984
533 1215 1386 5502 8110 1371 3167 9342 4426 6518 9664 874 1853 4836 381 7629 9447 8293 6671 5983 4151 4415 2465 5410 3622 3371 5044 8101 5822 3259 9781 420 3724 8144 5970 0 6035 5661 8212 1998
2507 9210 855 3775 6564 4688 6353 4248 2401 6320 891 7818 8680 1886 1967 2032 1881 6000 1249 9657 7038 8344 1586 8539 4043 3290 2337 3506 3499 2322 7213 5473 7727 6683 1996 6035 0 4395 4682 6206
1931 3637 6270 1408 3216 4868 7724 7409 9003 8591 7606 7956 8546 9082 2705 4813 1525 169 1747 5772 6646 2752 2108 46 3546 6060 8143 2696 1401 4161 1055 1509 8678 3278 2586 5661 4395 0 4959 6827
1743 5923 8131 8493 1203 3570 6245 3420 4635 8024 1643 7770 8862 3912 9692 5244 7243 8648 398 3904 8471 4674 7802 6879 6625 7150 5565 53 7275 6509 9049 8257 3937 5226 6928 8212 4682 4959 0 6312
8200 2969 3946 563 65 1289 4228 5073 3668 3406 4140 753 7059 9371 5165 2828 6799 1250 6595 136 8072 8444 912 4980 8301 8242 7301 1567 8820 9011 1771 2269 4185 8208 1984 1998 6206 6827 6312 0
EOF
