NAME: MyData90
COMMENT: 90 nodes generated to conduct algorithm efficiency
TYPE: TSP
DIMENSION: 90
EDGE_WEIGHT_TYPE: EXPLICIT
DISPLAY_DATA_TYPE: TWOD_DISPLAY
EDGE_WEIGHT_FORMAT: FULL MATRIX
EDGE_WEIGHT_SECTION:
0 2482 5618 8707 7712 3285 9694 5114 5212 7028 9626 1859 2284 9314 9107 2006 4038 6197 4589 5769 4732 3313 5354 6435 118 6934 3098 6687 9119 9967 3246 3848 2541 6911 1156 3601 7695 2044 9348 5749 5570 7004 3573 723 9125 9342 6780 9393 3713 8462 2430 7038 4401 5285 4206 2700 1061 8213 436 4869 1911 1257 4695 2342 9006 6730 8445 421 767 7657 6601 3829 3597 3769 5027 5883 2635 3392 2662 7693 3339 6350 4901 8053 5445 5245 6113 6240 981 6691
2482 0 9503 3095 276 6157 3612 4482 3721 1736 8955 5568 2846 134 4225 4266 2166 7035 7031 3267 3437 4784 7124 2385 2924 6607 1702 3489 5239 9340 5672 255 6173 9536 2450 2589 2788 6272 3935 5189 5395 2113 171 1470 7074 5767 2289 5049 5030 9726 4361 6387 9996 3125 6496 8139 6187 7719 9777 856 2877 6670 6129 355 6803 2600 3591 8854 3947 1968 5617 9265 79 2457 9220 7191 8540 4834 5857 881 7268 7953 3458 1914 7090 9211 5275 1215 7248 3784
5618 9503 0 7264 7734 2456 2133 2154 1349 467 511 1811 3173 4689 6330 3959 6745 9809 7913 6537 363 2940 1907 8793 9012 2096 7355 3203 1263 7389 903 4379 1609 3410 9430 2683 4649 3916 5187 7904 7858 6910 3320 2201 3584 6453 9555 6742 299 2936 9095 6151 7596 7438 325 2568 5687 5623 9456 602 230 506 109 2541 507 9866 4582 4012 2267 6597 1367 4470 6834 299 7040 2483 2825 7141 5669 2587 2941 5084 1216 9434 5680 9545 5502 5452 1397 3697
8707 3095 7264 0 460 981 262 6733 5967 6555 7246 1317 6479 9656 5625 6811 7092 9198 1280 6663 9037 3172 9338 628 6696 4456 4723 133 203 7511 6070 7003 2868 9718 9099 3376 1099 866 8079 4824 4376 2162 147 9845 1834 6563 6380 8579 4944 4621 7858 7276 1505 3698 3999 4303 3748 9907 2630 4003 5537 6179 8390 691 3838 8403 3132 5166 9489 8292 3144 8021 9207 6883 9664 9117 3951 7294 463 8550 2761 2753 1748 9374 8404 5446 4499 4067 4566 427
7712 276 7734 460 0 1058 7699 7724 9403 3201 5630 1406 593 3173 3387 4595 7429 7662 1787 6331 605 8745 6120 9733 2401 7834 972 9165 5512 5411 9054 8985 4687 1576 4492 7686 5875 9257 6587 502 5849 2612 7375 9817 6538 2745 5898 6497 9726 4111 3080 6456 5966 2893 4030 8352 9058 2297 5710 7221 4732 7198 9237 3426 7366 4935 5289 4426 1299 5162 3331 8555 5605 3051 7135 7178 9539 1400 1885 7924 1769 1253 7966 9144 8198 5095 3374 9936 1474 8358
3285 6157 2456 981 1058 0 5168 1904 3857 8923 3278 5864 2324 2473 2568 688 2703 2672 42 8971 4491 2620 1977 1764 9373 3335 217 9216 8103 6243 6837 1257 5490 6797 9833 9007 6503 5617 4115 6587 2519 4645 7166 6960 6235 7579 6656 6168 6459 9212 3321 1517 5453 1150 7704 7523 2294 8142 7806 8862 2223 1799 3968 7005 7544 3341 9904 1560 352 770 1560 5454 9965 4357 3892 8493 7350 954 3503 3646 8356 5346 2275 8592 3595 2246 6115 1138 4435 6188
9694 3612 2133 262 7699 5168 0 7632 9470 4085 168 5405 8159 378 3303 1567 5144 1345 2110 3714 8630 4157 8988 3829 2951 8793 5298 4415 7774 15 1866 7489 1755 3505 1881 9834 1052 2781 1875 557 4907 2368 4858 6043 244 1021 2340 1576 8146 8553 517 2131 1745 3409 8719 5557 5450 9306 3602 564 7437 7444 4480 6011 8083 1982 7214 307 1543 5623 3818 7897 2162 5778 633 7226 7670 8534 5418 7421 8308 1687 2314 7045 8678 1749 3711 6511 6577 4951
5114 4482 2154 6733 7724 1904 7632 0 358 8177 3476 8549 4631 1596 7641 159 9169 8077 3826 4598 8498 4510 7806 7426 8109 3058 2973 9648 7650 850 3852 1589 1879 7412 4826 2350 129 5865 7107 362 3704 5667 9598 6299 5548 6092 6343 7646 1527 9070 5873 6319 7335 4637 5961 235 6459 8132 6911 529 7561 3583 5591 4284 8714 5267 6435 9007 1175 2736 8997 4763 8948 2579 7591 5280 2715 5787 9883 6518 1994 4790 3649 3130 8123 8029 2850 8135 6977 8458
5212 3721 1349 5967 9403 3857 9470 358 0 3149 1455 5763 4001 6663 4074 6745 6211 5424 4332 4965 2315 9056 3919 4398 653 3964 2856 8750 1244 4798 7877 196 3352 6337 8109 4786 2620 1867 3920 7153 8376 4095 6332 470 3701 8977 2780 2253 2081 2613 6959 2839 4092 7669 2529 4001 8331 5004 7272 4919 2961 2098 4381 4061 6835 5337 4382 9934 3259 7220 9246 6757 820 604 9897 3411 2583 5320 7884 370 2973 4447 3822 2385 5326 2529 5651 2740 7659 8923
7028 1736 467 6555 3201 8923 4085 8177 3149 0 4626 8836 7521 6255 8526 8219 7812 7669 6564 1273 2503 9295 5329 8895 3065 3437 8715 8685 8157 162 9321 8701 5703 2871 6154 3186 8466 8179 9802 9295 5795 2585 5733 9071 8337 8602 5967 4283 5906 3003 5457 5563 1911 413 1259 5054 8086 7501 7298 3738 5690 6401 2805 7619 731 7193 3441 7079 8730 25 110 3283 7936 4567 1903 30 6925 1890 205 4412 5935 4232 4472 8500 2808 7981 9701 9383 8962 924
9626 8955 511 7246 5630 3278 168 3476 1455 4626 0 4336 5725 1140 865 5066 1571 4156 7050 6433 9920 1107 3752 3822 6419 478 1125 1845 8980 8540 7272 2914 4330 2962 4161 3584 8188 6345 363 436 9203 4456 7871 3253 9562 5117 6247 4262 3992 8910 4821 6108 7738 4818 7829 5909 8919 3449 8160 3627 3701 3642 8355 7620 1921 9231 6383 2702 924 1739 6266 7389 7004 3785 4396 2776 3122 6949 8544 8847 8992 6010 4583 5693 224 2801 8103 9454 6617 2396
1859 5568 1811 1317 1406 5864 5405 8549 5763 8836 4336 0 2254 6259 1514 2030 891 3356 2373 1457 7190 2059 9601 3479 1971 3200 9966 6410 5222 3013 5612 1775 9646 9871 9234 2458 6101 5959 5675 686 6981 828 4243 9134 7311 2203 688 4150 692 9231 7942 1303 1735 3457 6600 2937 193 8072 4700 2291 5290 2347 9595 7008 2480 4268 9488 2906 5885 41 7212 2458 9452 5818 8061 4236 7072 8437 2604 8341 5925 4980 6891 4403 9987 276 9515 723 1698 3024
2284 2846 3173 6479 593 2324 8159 4631 4001 7521 5725 2254 0 6415 4394 8536 167 328 9917 9285 46 9691 9741 3750 3789 4388 5483 1015 5131 343 2469 515 9445 4349 1298 2163 9872 2958 1920 6678 3437 5946 8237 197 9407 8809 6233 8165 7948 7424 8143 5195 9179 8212 3282 6768 9422 1334 8218 593 2885 7509 7754 6661 2039 1220 1180 5462 6467 6307 8819 3839 565 5120 5423 498 4243 4856 3944 7023 7404 5296 2561 4936 9659 7949 3245 7694 3028 3743
9314 134 4689 9656 3173 2473 378 1596 6663 6255 1140 6259 6415 0 5849 7400 5601 6514 3373 1002 7720 9127 9143 9552 780 403 1293 2032 9052 4208 572 6508 2834 8566 65 4434 9309 9708 7091 2530 1433 4098 5428 257 7103 4529 9474 9551 7377 3302 5146 1686 6079 9300 5160 7255 9002 7293 2588 3857 5843 9077 2819 9317 9698 1112 81 6162 9811 3113 2260 6741 6579 1130 8954 5935 7586 2118 4778 5810 1409 2497 7814 7082 3681 6150 970 8244 2325 1501
9107 4225 6330 5625 3387 2568 3303 7641 4074 8526 865 1514 4394 5849 0 4632 1426 6351 4073 9322 3428 2112 2930 2652 4716 3217 9625 7539 581 1116 7258 5117 4443 650 8806 4838 8060 1958 2540 5939 1075 3229 941 5304 9815 5532 1453 9683 8513 7737 5406 5105 3982 5542 2664 3865 9365 800 7856 6963 9924 4481 2239 372 2072 7498 2638 1715 3453 2218 1732 2786 7525 5491 8696 2988 977 1060 2252 6989 3805 8905 4063 6278 3060 9520 3410 8828 5995 2010
2006 4266 3959 6811 4595 688 1567 159 6745 8219 5066 2030 8536 7400 4632 0 5983 3306 62 1424 9371 4787 5327 3230 15 8288 2837 9508 5206 5243 1410 7093 6278 2428 7475 7375 9327 4065 6850 9038 6747 1546 2162 4293 8048 9847 7296 3013 5708 9955 849 9837 2259 8778 6042 4497 8923 6760 3946 8534 8436 8078 6595 3347 9563 893 4400 647 2532 1352 2496 1276 16 9442 6564 2828 5868 9878 2291 2750 9748 153 1658 9457 7287 7549 4906 2079 1854 1084
4038 2166 6745 7092 7429 2703 5144 9169 6211 7812 1571 891 167 5601 1426 5983 0 4120 2069 1416 6819 8376 7245 3261 9249 454 2874 6331 9130 3323 6159 2255 8641 6526 2636 8773 9404 2666 4139 6296 5604 9252 6560 6637 1056 2552 3543 8256 4732 1449 5734 8214 8015 4401 9304 9366 2110 9271 7486 1993 2033 3317 2902 1797 9713 7459 9528 2016 4997 2608 8292 1991 4444 8516 7696 9830 8697 3993 8410 5560 2742 2969 2343 4495 6827 4520 9485 4750 1580 63
6197 7035 9809 9198 7662 2672 1345 8077 5424 7669 4156 3356 328 6514 6351 3306 4120 0 8286 8765 6936 4434 9275 5399 9631 177 9263 9188 4250 2998 9567 7928 3464 6179 6501 8206 4741 6032 3772 5528 8574 2415 6518 3269 9696 2629 7728 959 4351 3486 6637 1941 520 414 1140 3992 2480 5191 1019 1404 3155 4652 1778 7060 2644 2921 2452 7849 4736 6084 4190 4704 8649 5898 1690 4772 3136 4180 6869 6178 2065 6566 6561 3393 7245 5853 3339 1867 4586 457
4589 7031 7913 1280 1787 42 2110 3826 4332 6564 7050 2373 9917 3373 4073 62 2069 8286 0 2927 9768 1390 1414 9193 3633 1057 1974 4765 9802 6419 6857 9106 8721 6940 2286 7375 2888 7456 5087 6737 8066 5030 4805 6524 6875 9091 208 5382 6920 6270 9640 6132 6913 8346 3356 3349 5000 7906 3329 7066 9675 8892 4336 7933 5524 7867 9021 83 4923 1 5669 7437 4601 7725 8358 8735 6627 6263 8828 5245 4242 4232 8749 9644 4275 4099 6047 5797 1505 3015
5769 3267 6537 6663 6331 8971 3714 4598 4965 1273 6433 1457 9285 1002 9322 1424 1416 8765 2927 0 9704 8267 535 2217 7803 9410 9969 1320 2828 57 181 8439 3073 7016 1467 3167 5684 9028 9641 3873 6700 3678 4045 258 809 9852 9944 2951 3610 5716 2984 3641 8651 5248 9481 4991 3970 6439 4202 7298 4545 5746 5411 1646 7408 121 676 9261 2794 980 1792 9988 329 3716 923 1459 778 7899 3648 9491 9687 1310 4858 1480 8453 6329 9862 8281 2445 5462
4732 3437 363 9037 605 4491 8630 8498 2315 2503 9920 7190 46 7720 3428 9371 6819 6936 9768 9704 0 2955 1050 5427 4094 4302 4325 5761 9069 1830 6272 773 8495 6406 9993 485 2990 4383 5870 6540 1274 1201 2102 4558 6105 1559 5631 7347 6925 8091 633 8993 8356 1184 4715 5464 6311 6244 2175 3929 5160 677 8168 3957 5329 7969 1594 175 665 7265 7633 1084 7043 3227 4982 2198 4824 9582 1739 9433 2266 393 9801 9668 5504 8728 3493 166 5660 9576
3313 4784 2940 3172 8745 2620 4157 4510 9056 9295 1107 2059 9691 9127 2112 4787 8376 4434 1390 8267 2955 0 9191 2468 2789 4849 5869 2419 817 8499 3751 3539 4814 9464 9640 9899 1633 3404 8738 5476 8854 6516 8193 5687 4572 1074 3822 5269 6270 5233 7058 9107 1192 5162 9886 6535 6634 1930 221 7850 5566 7493 9599 4154 5258 244 7855 5523 4944 1476 494 815 3755 3294 1931 6109 988 9518 9475 697 6656 6901 3279 708 9490 1413 6043 7290 1052 2424
5354 7124 1907 9338 6120 1977 8988 7806 3919 5329 3752 9601 9741 9143 2930 5327 7245 9275 1414 535 1050 9191 0 8060 5867 5203 7272 6965 4429 5190 3151 883 5701 7220 1344 4367 3994 5245 6072 7755 7786 2391 1707 2159 466 8212 6404 7425 2059 1000 9418 9067 8634 6249 2783 9955 2112 9978 9974 2737 7355 6372 3536 5517 458 9427 2556 8883 3307 6585 3789 3175 3170 2085 3940 9768 1893 691 5528 6670 1312 75 8461 3383 9736 9179 7329 7543 4625 3248
6435 2385 8793 628 9733 1764 3829 7426 4398 8895 3822 3479 3750 9552 2652 3230 3261 5399 9193 2217 5427 2468 8060 0 1203 8261 8106 5526 3892 6662 2878 8975 122 6356 9681 5807 954 9416 5738 2656 5719 2043 7634 3449 8319 1663 9743 3844 7558 2687 8466 6116 1218 1117 9557 5085 9220 5801 2679 6433 6135 5009 8245 9444 2636 4975 277 4980 343 4663 3283 8984 1050 6752 8968 5388 6560 132 8243 2874 7896 9029 9790 8921 8309 2160 443 1272 4684 9825
118 2924 9012 6696 2401 9373 2951 8109 653 3065 6419 1971 3789 780 4716 15 9249 9631 3633 7803 4094 2789 5867 1203 0 5207 2387 5851 2291 6279 2370 5911 8639 968 3750 686 9807 7261 2186 2850 8384 2198 7077 5965 4288 3525 4086 5106 4170 1045 5247 3152 6069 6934 2899 3980 4248 2355 2608 999 6454 5883 2312 4525 7441 2269 8749 7098 2306 8601 4314 7308 2394 9629 2186 5301 6953 308 3682 4456 6885 377 3510 1354 2514 3361 9635 3347 9717 4939
6934 6607 2096 4456 7834 3335 8793 3058 3964 3437 478 3200 4388 403 3217 8288 454 177 1057 9410 4302 4849 5203 8261 5207 0 8930 3475 7552 2688 5017 6759 3376 1960 5573 3918 9560 8127 100 4509 9984 1999 5126 530 7607 1893 4725 1146 528 1401 8936 3709 5952 3058 3809 8323 9350 4699 7881 6393 9666 2259 8505 5232 3995 7160 3430 3205 8388 388 3504 7261 8451 9307 9871 4847 489 8726 7127 8410 6023 2342 2862 4225 8473 1837 3655 2111 8034 607
3098 1702 7355 4723 972 217 5298 2973 2856 8715 1125 9966 5483 1293 9625 2837 2874 9263 1974 9969 4325 5869 7272 8106 2387 8930 0 3567 4547 3892 7452 4264 3480 3621 501 8941 3299 7597 2980 7875 4934 8896 4672 1627 3780 4943 4330 8550 5380 1850 8085 4204 197 6930 3360 9537 9149 8051 5467 4378 2474 7878 8313 6901 2895 1969 9129 7120 4316 2961 8747 6543 17 955 9339 9801 3820 6303 5689 2997 8840 780 4235 5625 6573 8002 7887 9623 2998 6185
6687 3489 3203 133 9165 9216 4415 9648 8750 8685 1845 6410 1015 2032 7539 9508 6331 9188 4765 1320 5761 2419 6965 5526 5851 3475 3567 0 1666 5155 1276 3048 1690 6868 1391 2952 3941 2792 3749 7189 446 5594 2518 8828 561 7022 3827 2996 8973 807 185 1377 6996 9567 5351 354 7076 516 8623 8695 6912 6078 8740 6128 8478 2339 4673 7151 310 7983 20 4292 3628 4945 5543 5947 150 1266 8429 976 7576 4562 420 6933 514 2296 5822 3490 2136 7718
9119 5239 1263 203 5512 8103 7774 7650 1244 8157 8980 5222 5131 9052 581 5206 9130 4250 9802 2828 9069 817 4429 3892 2291 7552 4547 1666 0 6126 5881 3829 1246 7162 98 2002 7938 8235 9734 9439 179 3496 1708 2022 495 9123 47 6052 9648 500 2919 6341 6415 5763 2028 9992 8501 9326 9749 2871 5548 2612 5663 5577 9933 7600 4843 2802 6212 7385 3027 8372 8757 1415 4944 4013 4393 7756 4771 3629 9171 8571 3805 4124 4115 2773 8482 2371 2180 7518
9967 9340 7389 7511 5411 6243 15 850 4798 162 8540 3013 343 4208 1116 5243 3323 2998 6419 57 1830 8499 5190 6662 6279 2688 3892 5155 6126 0 675 6371 7937 1981 5264 9299 414 4359 3459 8725 796 3844 717 6326 7958 8546 7282 6210 7302 9334 9288 9761 1890 6388 6294 8960 8987 8525 4348 5073 8317 703 8440 4786 3419 7626 3331 3207 8033 4643 1019 2830 9468 5538 3961 3916 1531 7973 8646 6064 9247 6048 5268 6225 1883 3138 4849 8052 2106 3640
3246 5672 903 6070 9054 6837 1866 3852 7877 9321 7272 5612 2469 572 7258 1410 6159 9567 6857 181 6272 3751 3151 2878 2370 5017 7452 1276 5881 675 0 4556 4143 7046 2915 2958 4501 4140 5018 7809 9286 4566 602 6216 1079 2752 9094 5309 9088 4627 1962 178 1845 14 1477 1840 2926 1736 6575 8972 812 3881 771 6092 9314 2649 3398 4492 7468 6127 482 669 471 9801 1255 4151 5675 4751 5506 6566 2424 9093 4119 1742 3396 5054 4967 203 6679 4945
3848 255 4379 7003 8985 1257 7489 1589 196 8701 2914 1775 515 6508 5117 7093 2255 7928 9106 8439 773 3539 883 8975 5911 6759 4264 3048 3829 6371 4556 0 9996 6053 5762 8159 7292 4359 3599 5963 2722 9391 5133 8774 1693 9797 9788 5678 5181 8088 7678 2918 4831 9009 3294 6925 6643 2994 1212 5319 6373 895 1842 8240 7173 5204 3561 142 8807 8459 5063 8740 7798 270 9062 9824 9623 6403 4587 9968 8436 96 4565 9180 1109 5303 3187 4999 9899 4028
2541 6173 1609 2868 4687 5490 1755 1879 3352 5703 4330 9646 9445 2834 4443 6278 8641 3464 8721 3073 8495 4814 5701 122 8639 3376 3480 1690 1246 7937 4143 9996 0 4062 779 2652 8646 1480 8090 8306 7986 1803 1383 2796 3971 251 2599 538 5943 8846 3405 8636 2888 9645 5804 5097 9020 3053 9294 1078 6799 9311 474 3418 4099 5739 4687 8672 8125 8849 8512 6073 1382 2256 3401 9017 4898 3434 6452 9275 5859 2916 9674 851 6984 7248 2678 8306 365 4516
6911 9536 3410 9718 1576 6797 3505 7412 6337 2871 2962 9871 4349 8566 650 2428 6526 6179 6940 7016 6406 9464 7220 6356 968 1960 3621 6868 7162 1981 7046 6053 4062 0 9326 9188 3701 1592 5921 6279 4445 9088 3667 8365 6874 434 7589 400 1335 5720 8852 9547 9815 9776 996 2999 8322 2566 8979 3050 544 4711 2268 4555 1095 7954 5932 3786 8943 4422 972 5057 7530 3194 370 8252 5590 1290 3570 9315 3425 3293 4818 3749 4111 379 4662 1014 9263 5922
1156 2450 9430 9099 4492 9833 1881 4826 8109 6154 4161 9234 1298 65 8806 7475 2636 6501 2286 1467 9993 9640 1344 9681 3750 5573 501 1391 98 5264 2915 5762 779 9326 0 8369 1928 1731 2521 6836 3227 7199 9093 7799 7762 8588 5802 5851 3674 4514 1816 2958 5510 5955 4127 3589 3202 1185 9005 4204 7319 8985 900 3173 6661 1178 3219 9258 9672 7463 4671 1658 1027 7726 9890 1455 8624 8852 8897 599 1737 7945 6614 8456 7091 5231 8560 8846 2833 6968
3601 2589 2683 3376 7686 9007 9834 2350 4786 3186 3584 2458 2163 4434 4838 7375 8773 8206 7375 3167 485 9899 4367 5807 686 3918 8941 2952 2002 9299 2958 8159 2652 9188 8369 0 1637 3355 2129 6094 5391 2620 219 720 3231 6292 1688 8330 6532 5153 6036 9670 5660 3116 1874 4138 5680 6312 3623 495 5117 3288 96 6810 2467 8722 7879 469 8250 7917 2834 9608 8245 6482 5128 4722 8519 8764 5243 3176 4964 378 729 4482 3169 7376 4603 8852 1101 6345
7695 2788 4649 1099 5875 6503 1052 129 2620 8466 8188 6101 9872 9309 8060 9327 9404 4741 2888 5684 2990 1633 3994 954 9807 9560 3299 3941 7938 414 4501 7292 8646 3701 1928 1637 0 5280 145 8751 2835 986 6004 197 5083 3376 3284 171 7593 4112 3904 1082 2642 6035 5164 9995 2423 1113 7849 2609 7634 2788 4415 9952 6160 4866 6175 9472 6082 7105 1187 830 8188 2903 6483 7183 5535 5407 8852 3204 7931 9648 1993 4825 64 7437 9396 6910 308 8425
2044 6272 3916 866 9257 5617 2781 5865 1867 8179 6345 5959 2958 9708 1958 4065 2666 6032 7456 9028 4383 3404 5245 9416 7261 8127 7597 2792 8235 4359 4140 4359 1480 1592 1731 3355 5280 0 8196 6223 499 2982 1461 7938 7987 2319 4756 1695 7751 8240 1813 8290 131 1332 2450 662 6275 8839 4007 1365 2316 2993 6854 6619 4566 8322 7277 101 6114 3144 9282 4752 9709 8608 9518 5794 4325 232 3335 2763 4888 7484 3509 5907 1477 2288 3931 6606 3987 1530
9348 3935 5187 8079 6587 4115 1875 7107 3920 9802 363 5675 1920 7091 2540 6850 4139 3772 5087 9641 5870 8738 6072 5738 2186 100 2980 3749 9734 3459 5018 3599 8090 5921 2521 2129 145 8196 0 3356 6790 4160 3098 2583 5552 8378 8571 4803 2871 2130 907 1496 284 7922 4991 9616 3425 7594 106 539 7801 744 37 6760 4495 5427 6827 9426 9602 9943 9193 8199 8883 6658 6021 581 2287 1411 6684 906 4586 7817 150 4089 9622 5919 7392 7813 5686 9903
5749 5189 7904 4824 502 6587 557 362 7153 9295 436 686 6678 2530 5939 9038 6296 5528 6737 3873 6540 5476 7755 2656 2850 4509 7875 7189 9439 8725 7809 5963 8306 6279 6836 6094 8751 6223 3356 0 7780 7030 647 7988 7821 203 8662 2035 3243 3611 5950 2131 8630 6109 8306 4773 144 5121 2883 5075 2757 5071 2568 74 685 6547 9867 3349 1011 3857 2523 5834 7296 3488 9220 6438 1786 9805 4478 4917 4398 1470 147 8676 9808 7859 4385 9066 7644 6798
5570 5395 7858 4376 5849 2519 4907 3704 8376 5795 9203 6981 3437 1433 1075 6747 5604 8574 8066 6700 1274 8854 7786 5719 8384 9984 4934 446 179 796 9286 2722 7986 4445 3227 5391 2835 499 6790 7780 0 1706 4940 1155 4913 8891 5462 8492 9426 1061 4109 8648 6087 3341 2995 5478 186 5308 1826 2211 3176 1286 6084 4973 4848 2507 4307 5937 31 9973 7388 2991 7993 588 4421 9350 3104 4568 9757 6427 6660 679 7659 7136 2114 4841 8907 6406 547 400
7004 2113 6910 2162 2612 4645 2368 5667 4095 2585 4456 828 5946 4098 3229 1546 9252 2415 5030 3678 1201 6516 2391 2043 2198 1999 8896 5594 3496 3844 4566 9391 1803 9088 7199 2620 986 2982 4160 7030 1706 0 2277 663 9543 122 6648 6678 2553 3275 2969 5349 8983 4094 802 4971 2254 5158 1422 6208 4462 6645 1532 6151 6251 9529 2893 6189 7424 8969 303 1133 3495 2989 5087 9658 235 8694 2395 1342 7850 9961 4015 4044 1282 6048 7407 6325 6674 4928
3573 171 3320 147 7375 7166 4858 9598 6332 5733 7871 4243 8237 5428 941 2162 6560 6518 4805 4045 2102 8193 1707 7634 7077 5126 4672 2518 1708 717 602 5133 1383 3667 9093 219 6004 1461 3098 647 4940 2277 0 6575 5694 7719 6004 485 2360 6478 5193 4213 4065 7400 886 2742 6730 3963 5292 1559 5693 4383 3836 3446 8756 3340 1870 2851 2502 4014 72 1065 7214 7470 3028 4804 8682 9424 5639 6737 888 115 7498 9508 1705 6276 7630 9658 2896 421
723 1470 2201 9845 9817 6960 6043 6299 470 9071 3253 9134 197 257 5304 4293 6637 3269 6524 258 4558 5687 2159 3449 5965 530 1627 8828 2022 6326 6216 8774 2796 8365 7799 720 197 7938 2583 7988 1155 663 6575 0 6749 2779 697 5964 7588 4749 3620 7753 4434 6315 1047 2558 8402 7728 3158 7466 6676 495 5847 1486 6208 4244 1158 3868 7118 6781 7567 41 8049 4054 9447 5540 4244 6958 3219 2997 4621 1655 5654 1386 7171 398 2087 9843 2902 147
9125 7074 3584 1834 6538 6235 244 5548 3701 8337 9562 7311 9407 7103 9815 8048 1056 9696 6875 809 6105 4572 466 8319 4288 7607 3780 561 495 7958 1079 1693 3971 6874 7762 3231 5083 7987 5552 7821 4913 9543 5694 6749 0 3843 27 4719 6277 7304 6654 2094 5452 4025 2117 1205 654 8713 3233 4864 3368 5534 9115 670 3475 7094 534 5248 8794 4076 4214 2858 6956 5886 7240 612 6135 9017 7050 8494 7781 4062 5880 6073 4238 131 6434 8315 1930 447
9342 5767 6453 6563 2745 7579 1021 6092 8977 8602 5117 2203 8809 4529 5532 9847 2552 2629 9091 9852 1559 1074 8212 1663 3525 1893 4943 7022 9123 8546 2752 9797 251 434 8588 6292 3376 2319 8378 203 8891 122 7719 2779 3843 0 8440 2930 3637 7094 5312 7464 9576 3666 8931 6713 8263 7220 861 6791 9901 111 2116 3449 520 4377 9861 9770 3841 855 2304 327 6643 3299 5589 7102 9030 4471 3754 1374 9522 6917 9520 5624 3537 9955 9344 1562 7917 6518
6780 2289 9555 6380 5898 6656 2340 6343 2780 5967 6247 688 6233 9474 1453 7296 3543 7728 208 9944 5631 3822 6404 9743 4086 4725 4330 3827 47 7282 9094 9788 2599 7589 5802 1688 3284 4756 8571 8662 5462 6648 6004 697 27 8440 0 1835 1273 7635 3602 906 9694 9088 1928 7849 5409 356 1155 9614 2572 787 7532 4102 3599 6695 1136 908 9005 9865 4776 7409 7014 8196 85 5823 186 2597 4922 942 3282 7731 2963 1557 2709 1810 4027 3820 9534 9038
9393 5049 6742 8579 6497 6168 1576 7646 2253 4283 4262 4150 8165 9551 9683 3013 8256 959 5382 2951 7347 5269 7425 3844 5106 1146 8550 2996 6052 6210 5309 5678 538 400 5851 8330 171 1695 4803 2035 8492 6678 485 5964 4719 2930 1835 0 8867 4125 769 1009 7618 4822 5770 1523 3401 5698 4370 8894 3378 1610 4740 9357 7062 8253 2799 9956 5917 9933 89 6291 4585 4333 6265 8748 2336 9247 1757 7825 5686 9793 2539 3794 6545 4857 1258 5160 2950 8025
3713 5030 299 4944 9726 6459 8146 1527 2081 5906 3992 692 7948 7377 8513 5708 4732 4351 6920 3610 6925 6270 2059 7558 4170 528 5380 8973 9648 7302 9088 5181 5943 1335 3674 6532 7593 7751 2871 3243 9426 2553 2360 7588 6277 3637 1273 8867 0 6156 2614 4129 6464 4052 7207 9733 3665 2670 9284 8603 8622 6129 6691 3271 5516 1778 6666 3066 2008 8665 4672 6586 9475 1235 3015 495 5255 28 3913 8650 8177 266 4299 9624 7623 7777 8419 4644 9923 9176
8462 9726 2936 4621 4111 9212 8553 9070 2613 3003 8910 9231 7424 3302 7737 9955 1449 3486 6270 5716 8091 5233 1000 2687 1045 1401 1850 807 500 9334 4627 8088 8846 5720 4514 5153 4112 8240 2130 3611 1061 3275 6478 4749 7304 7094 7635 4125 6156 0 9465 7047 6515 4577 8591 6276 9783 7865 5 3268 680 6751 6959 3452 4897 3144 7421 1488 8471 635 6317 6103 1437 2118 9079 5487 6654 7331 2398 777 415 9287 2368 3430 5489 6298 7967 4862 2649 9537
2430 4361 9095 7858 3080 3321 517 5873 6959 5457 4821 7942 8143 5146 5406 849 5734 6637 9640 2984 633 7058 9418 8466 5247 8936 8085 185 2919 9288 1962 7678 3405 8852 1816 6036 3904 1813 907 5950 4109 2969 5193 3620 6654 5312 3602 769 2614 9465 0 8151 6410 5664 5514 7766 218 3912 7539 5065 7663 1278 6387 2988 5250 2143 7278 7153 2214 4110 1940 6373 5620 2158 9228 7247 5302 4847 8422 3268 3507 1661 5001 3472 4123 162 7549 6159 6972 6414
7038 6387 6151 7276 6456 1517 2131 6319 2839 5563 6108 1303 5195 1686 5105 9837 8214 1941 6132 3641 8993 9107 9067 6116 3152 3709 4204 1377 6341 9761 178 2918 8636 9547 2958 9670 1082 8290 1496 2131 8648 5349 4213 7753 2094 7464 906 1009 4129 7047 8151 0 6200 7530 5476 5123 3351 9104 3220 944 7231 1107 2673 311 4464 4039 8672 4086 9811 8868 8034 7221 3265 9421 2048 5426 247 5955 1910 2681 5550 2670 4508 4099 3746 980 2000 2994 5966 2324
4401 9996 7596 1505 5966 5453 1745 7335 4092 1911 7738 1735 9179 6079 3982 2259 8015 520 6913 8651 8356 1192 8634 1218 6069 5952 197 6996 6415 1890 1845 4831 2888 9815 5510 5660 2642 131 284 8630 6087 8983 4065 4434 5452 9576 9694 7618 6464 6515 6410 6200 0 459 6099 1035 9564 275 90 1915 6957 5003 6062 353 9803 9328 831 1342 5544 8214 9089 4409 9384 8562 4876 388 133 9094 6034 7644 4664 4752 1350 3431 5345 2770 1611 526 3945 1644
5285 3125 7438 3698 2893 1150 3409 4637 7669 413 4818 3457 8212 9300 5542 8778 4401 414 8346 5248 1184 5162 6249 1117 6934 3058 6930 9567 5763 6388 14 9009 9645 9776 5955 3116 6035 1332 7922 6109 3341 4094 7400 6315 4025 3666 9088 4822 4052 4577 5664 7530 459 0 502 8329 5159 5336 4052 2714 6407 2606 984 8173 374 3107 207 8370 402 4564 6392 4621 6979 777 3753 3930 9431 7831 6811 5291 2486 6624 5186 724 6596 5042 8833 9705 7949 9701
4206 6496 325 3999 4030 7704 8719 5961 2529 1259 7829 6600 3282 5160 2664 6042 9304 1140 3356 9481 4715 9886 2783 9557 2899 3809 3360 5351 2028 6294 1477 3294 5804 996 4127 1874 5164 2450 4991 8306 2995 802 886 1047 2117 8931 1928 5770 7207 8591 5514 5476 6099 502 0 5923 6010 5638 1443 1135 6478 7651 9300 353 5486 9979 5798 1946 9478 6661 6927 556 541 2556 5650 758 7390 3950 9575 2332 4117 1112 5307 7350 403 5211 1243 3172 7353 4560
2700 8139 2568 4303 8352 7523 5557 235 4001 5054 5909 2937 6768 7255 3865 4497 9366 3992 3349 4991 5464 6535 9955 5085 3980 8323 9537 354 9992 8960 1840 6925 5097 2999 3589 4138 9995 662 9616 4773 5478 4971 2742 2558 1205 6713 7849 1523 9733 6276 7766 5123 1035 8329 5923 0 1886 4930 7625 2954 588 1303 2687 9711 6325 8034 2402 3994 4551 8800 6619 1344 2635 9750 1349 2763 6117 8426 8727 4035 7011 957 828 497 4756 9214 9255 3442 4589 6083
1061 6187 5687 3748 9058 2294 5450 6459 8331 8086 8919 193 9422 9002 9365 8923 2110 2480 5000 3970 6311 6634 2112 9220 4248 9350 9149 7076 8501 8987 2926 6643 9020 8322 3202 5680 2423 6275 3425 144 186 2254 6730 8402 654 8263 5409 3401 3665 9783 218 3351 9564 5159 6010 1886 0 5316 7989 4244 9542 744 9224 6041 8601 2029 8001 3393 5571 2479 510 9471 563 6398 8914 4229 1824 9354 3643 1772 9156 4117 1590 3186 8427 7603 7166 9921 4344 3925
8213 7719 5623 9907 2297 8142 9306 8132 5004 7501 3449 8072 1334 7293 800 6760 9271 5191 7906 6439 6244 1930 9978 5801 2355 4699 8051 516 9326 8525 1736 2994 3053 2566 1185 6312 1113 8839 7594 5121 5308 5158 3963 7728 8713 7220 356 5698 2670 7865 3912 9104 275 5336 5638 4930 5316 0 2646 7614 406 8279 9685 6886 2053 5552 689 7800 5293 175 1613 792 3075 5215 2144 1834 7431 2108 3411 8692 2512 5594 7685 3216 133 3036 1019 3015 3452 2293
436 9777 9456 2630 5710 7806 3602 6911 7272 7298 8160 4700 8218 2588 7856 3946 7486 1019 3329 4202 2175 221 9974 2679 2608 7881 5467 8623 9749 4348 6575 1212 9294 8979 9005 3623 7849 4007 106 2883 1826 1422 5292 3158 3233 861 1155 4370 9284 5 7539 3220 90 4052 1443 7625 7989 2646 0 5864 1478 4811 8143 5223 719 1604 1446 7924 9108 5296 5764 5861 7300 3276 9832 9544 9805 5517 45 3991 1722 1810 2202 6858 8386 7766 35 1047 1959 699
4869 856 602 4003 7221 8862 564 529 4919 3738 3627 2291 593 3857 6963 8534 1993 1404 7066 7298 3929 7850 2737 6433 999 6393 4378 8695 2871 5073 8972 5319 1078 3050 4204 495 2609 1365 539 5075 2211 6208 1559 7466 4864 6791 9614 8894 8603 3268 5065 944 1915 2714 1135 2954 4244 7614 5864 0 7208 4731 27 985 464 1521 2371 2154 8104 8670 8830 8204 2686 5432 2047 1773 9644 723 8685 5358 817 5007 1631 5438 7712 8670 4566 5091 7605 3647
1911 2877 230 5537 4732 2223 7437 7561 2961 5690 3701 5290 2885 5843 9924 8436 2033 3155 9675 4545 5160 5566 7355 6135 6454 9666 2474 6912 5548 8317 812 6373 6799 544 7319 5117 7634 2316 7801 2757 3176 4462 5693 6676 3368 9901 2572 3378 8622 680 7663 7231 6957 6407 6478 588 9542 406 1478 7208 0 3748 5459 5461 8982 26 2917 3236 4137 9358 8459 2492 4106 2459 8729 6936 2011 9121 6271 7181 3616 8217 2090 7335 3709 3899 963 5814 8759 1629
1257 6670 506 6179 7198 1799 7444 3583 2098 6401 3642 2347 7509 9077 4481 8078 3317 4652 8892 5746 677 7493 6372 5009 5883 2259 7878 6078 2612 703 3881 895 9311 4711 8985 3288 2788 2993 744 5071 1286 6645 4383 495 5534 111 787 1610 6129 6751 1278 1107 5003 2606 7651 1303 744 8279 4811 4731 3748 0 9412 8154 2286 9540 1448 3895 7394 7364 2657 1449 220 3456 6054 3772 2595 689 7888 5917 7544 1610 9256 5249 4030 221 6529 4686 6065 2243
4695 6129 109 8390 9237 3968 4480 5591 4381 2805 8355 9595 7754 2819 2239 6595 2902 1778 4336 5411 8168 9599 3536 8245 2312 8505 8313 8740 5663 8440 771 1842 474 2268 900 96 4415 6854 37 2568 6084 1532 3836 5847 9115 2116 7532 4740 6691 6959 6387 2673 6062 984 9300 2687 9224 9685 8143 27 5459 9412 0 4791 5713 6393 2548 8799 6527 4261 5273 3499 9814 8620 8611 2973 8923 5097 6825 7589 5550 9247 274 3171 4190 7006 5931 7924 9268 377
2342 355 2541 691 3426 7005 6011 4284 4061 7619 7620 7008 6661 9317 372 3347 1797 7060 7933 1646 3957 4154 5517 9444 4525 5232 6901 6128 5577 4786 6092 8240 3418 4555 3173 6810 9952 6619 6760 74 4973 6151 3446 1486 670 3449 4102 9357 3271 3452 2988 311 353 8173 353 9711 6041 6886 5223 985 5461 8154 4791 0 4193 8186 1028 1996 7992 5994 5592 4636 2616 4697 4559 7484 3950 4809 9596 4059 7630 7236 4471 2532 4825 8976 1758 1180 6520 8572
9006 6803 507 3838 7366 7544 8083 8714 6835 731 1921 2480 2039 9698 2072 9563 9713 2644 5524 7408 5329 5258 458 2636 7441 3995 2895 8478 9933 3419 9314 7173 4099 1095 6661 2467 6160 4566 4495 685 4848 6251 8756 6208 3475 520 3599 7062 5516 4897 5250 4464 9803 374 5486 6325 8601 2053 719 464 8982 2286 5713 4193 0 4724 1075 2285 431 2791 8259 3890 4239 9280 1484 3622 4093 667 4576 5801 806 7168 2670 372 6852 6261 4904 6179 167 7072
6730 2600 9866 8403 4935 3341 1982 5267 5337 7193 9231 4268 1220 1112 7498 893 7459 2921 7867 121 7969 244 9427 4975 2269 7160 1969 2339 7600 7626 2649 5204 5739 7954 1178 8722 4866 8322 5427 6547 2507 9529 3340 4244 7094 4377 6695 8253 1778 3144 2143 4039 9328 3107 9979 8034 2029 5552 1604 1521 26 9540 6393 8186 4724 0 8519 4789 3636 9567 6644 154 7972 774 5331 2378 3237 1447 25 1832 8570 1013 6872 5123 9215 8436 9435 6626 9802 9018
8445 3591 4582 3132 5289 9904 7214 6435 4382 3441 6383 9488 1180 81 2638 4400 9528 2452 9021 676 1594 7855 2556 277 8749 3430 9129 4673 4843 3331 3398 3561 4687 5932 3219 7879 6175 7277 6827 9867 4307 2893 1870 1158 534 9861 1136 2799 6666 7421 7278 8672 831 207 5798 2402 8001 689 1446 2371 2917 1448 2548 1028 1075 8519 0 1465 1293 159 5197 39 5968 4449 4817 741 1979 5366 5955 4458 8141 7879 3879 7256 1254 7538 6666 6085 2478 9038
421 8854 4012 5166 4426 1560 307 9007 9934 7079 2702 2906 5462 6162 1715 647 2016 7849 83 9261 175 5523 8883 4980 7098 3205 7120 7151 2802 3207 4492 142 8672 3786 9258 469 9472 101 9426 3349 5937 6189 2851 3868 5248 9770 908 9956 3066 1488 7153 4086 1342 8370 1946 3994 3393 7800 7924 2154 3236 3895 8799 1996 2285 4789 1465 0 4028 5406 3856 6995 7478 2158 445 7719 7724 1729 6083 2656 2915 7101 5413 8060 2779 6650 8733 3772 4625 4185
767 3947 2267 9489 1299 352 1543 1175 3259 8730 924 5885 6467 9811 3453 2532 4997 4736 4923 2794 665 4944 3307 343 2306 8388 4316 310 6212 8033 7468 8807 8125 8943 9672 8250 6082 6114 9602 1011 31 7424 2502 7118 8794 3841 9005 5917 2008 8471 2214 9811 5544 402 9478 4551 5571 5293 9108 8104 4137 7394 6527 7992 431 3636 1293 4028 0 9917 2505 9510 5636 721 5906 8546 7044 2693 4905 2868 4138 3425 5012 2569 3505 189 9250 3903 8786 2180
7657 1968 6597 8292 5162 770 5623 2736 7220 25 1739 41 6307 3113 2218 1352 2608 6084 1 980 7265 1476 6585 4663 8601 388 2961 7983 7385 4643 6127 8459 8849 4422 7463 7917 7105 3144 9943 3857 9973 8969 4014 6781 4076 855 9865 9933 8665 635 4110 8868 8214 4564 6661 8800 2479 175 5296 8670 9358 7364 4261 5994 2791 9567 159 5406 9917 0 8211 4705 4847 2671 6123 4545 313 3409 107 4442 9413 3147 8962 3505 848 6563 8957 6255 7662 8599
6601 5617 1367 3144 3331 1560 3818 8997 9246 110 6266 7212 8819 2260 1732 2496 8292 4190 5669 1792 7633 494 3789 3283 4314 3504 8747 20 3027 1019 482 5063 8512 972 4671 2834 1187 9282 9193 2523 7388 303 72 7567 4214 2304 4776 89 4672 6317 1940 8034 9089 6392 6927 6619 510 1613 5764 8830 8459 2657 5273 5592 8259 6644 5197 3856 2505 8211 0 8725 2382 3639 9869 1321 9168 3848 8021 3346 8338 9391 1544 7738 1047 8034 5326 1298 7377 1399
3829 9265 4470 8021 8555 5454 7897 4763 6757 3283 7389 2458 3839 6741 2786 1276 1991 4704 7437 9988 1084 815 3175 8984 7308 7261 6543 4292 8372 2830 669 8740 6073 5057 1658 9608 830 4752 8199 5834 2991 1133 1065 41 2858 327 7409 6291 6586 6103 6373 7221 4409 4621 556 1344 9471 792 5861 8204 2492 1449 3499 4636 3890 154 39 6995 9510 4705 8725 0 8712 9632 9175 2915 7533 3327 4284 8998 2477 1697 7753 8923 9039 4904 6207 7582 2353 434
3597 79 6834 9207 5605 9965 2162 8948 820 7936 7004 9452 565 6579 7525 16 4444 8649 4601 329 7043 3755 3170 1050 2394 8451 17 3628 8757 9468 471 7798 1382 7530 1027 8245 8188 9709 8883 7296 7993 3495 7214 8049 6956 6643 7014 4585 9475 1437 5620 3265 9384 6979 541 2635 563 3075 7300 2686 4106 220 9814 2616 4239 7972 5968 7478 5636 4847 2382 8712 0 1475 4808 358 8437 3248 1373 5242 3755 2485 5518 9112 3596 1842 6122 4443 2962 5865
3769 2457 299 6883 3051 4357 5778 2579 604 4567 3785 5818 5120 1130 5491 9442 8516 5898 7725 3716 3227 3294 2085 6752 9629 9307 955 4945 1415 5538 9801 270 2256 3194 7726 6482 2903 8608 6658 3488 588 2989 7470 4054 5886 3299 8196 4333 1235 2118 2158 9421 8562 777 2556 9750 6398 5215 3276 5432 2459 3456 8620 4697 9280 774 4449 2158 721 2671 3639 9632 1475 0 5702 1174 7563 4272 3770 4689 1925 1655 5901 1760 3240 2948 1433 4348 2003 2490
5027 9220 7040 9664 7135 3892 633 7591 9897 1903 4396 8061 5423 8954 8696 6564 7696 1690 8358 923 4982 1931 3940 8968 2186 9871 9339 5543 4944 3961 1255 9062 3401 370 9890 5128 6483 9518 6021 9220 4421 5087 3028 9447 7240 5589 85 6265 3015 9079 9228 2048 4876 3753 5650 1349 8914 2144 9832 2047 8729 6054 8611 4559 1484 5331 4817 445 5906 6123 9869 9175 4808 5702 0 9615 1644 7761 8768 8792 6208 9202 6718 7059 7850 3344 9035 550 6212 7602
5883 7191 2483 9117 7178 8493 7226 5280 3411 30 2776 4236 498 5935 2988 2828 9830 4772 8735 1459 2198 6109 9768 5388 5301 4847 9801 5947 4013 3916 4151 9824 9017 8252 1455 4722 7183 5794 581 6438 9350 9658 4804 5540 612 7102 5823 8748 495 5487 7247 5426 388 3930 758 2763 4229 1834 9544 1773 6936 3772 2973 7484 3622 2378 741 7719 8546 4545 1321 2915 358 1174 9615 0 1984 9122 2091 5874 7309 7067 9615 3908 8977 8838 2763 9360 5382 4714
2635 8540 2825 3951 9539 7350 7670 2715 2583 6925 3122 7072 4243 7586 977 5868 8697 3136 6627 778 4824 988 1893 6560 6953 489 3820 150 4393 1531 5675 9623 4898 5590 8624 8519 5535 4325 2287 1786 3104 235 8682 4244 6135 9030 186 2336 5255 6654 5302 247 133 9431 7390 6117 1824 7431 9805 9644 2011 2595 8923 3950 4093 3237 1979 7724 7044 313 9168 7533 8437 7563 1644 1984 0 6826 2505 3557 7630 2984 2644 8861 5989 7700 9127 3931 7700 8647
3392 4834 7141 7294 1400 954 8534 5787 5320 1890 6949 8437 4856 2118 1060 9878 3993 4180 6263 7899 9582 9518 691 132 308 8726 6303 1266 7756 7973 4751 6403 3434 1290 8852 8764 5407 232 1411 9805 4568 8694 9424 6958 9017 4471 2597 9247 28 7331 4847 5955 9094 7831 3950 8426 9354 2108 5517 723 9121 689 5097 4809 667 1447 5366 1729 2693 3409 3848 3327 3248 4272 7761 9122 6826 0 3696 3245 4062 5406 5401 6367 7362 4561 8065 5880 209 7572
2662 5857 5669 463 1885 3503 5418 9883 7884 205 8544 2604 3944 4778 2252 2291 8410 6869 8828 3648 1739 9475 5528 8243 3682 7127 5689 8429 4771 8646 5506 4587 6452 3570 8897 5243 8852 3335 6684 4478 9757 2395 5639 3219 7050 3754 4922 1757 3913 2398 8422 1910 6034 6811 9575 8727 3643 3411 45 8685 6271 7888 6825 9596 4576 25 5955 6083 4905 107 8021 4284 1373 3770 8768 2091 2505 3696 0 897 2368 2350 3724 4498 8947 2554 6864 425 3322 9794
7693 881 2587 8550 7924 3646 7421 6518 370 4412 8847 8341 7023 5810 6989 2750 5560 6178 5245 9491 9433 697 6670 2874 4456 8410 2997 976 3629 6064 6566 9968 9275 9315 599 3176 3204 2763 906 4917 6427 1342 6737 2997 8494 1374 942 7825 8650 777 3268 2681 7644 5291 2332 4035 1772 8692 3991 5358 7181 5917 7589 4059 5801 1832 4458 2656 2868 4442 3346 8998 5242 4689 8792 5874 3557 3245 897 0 7043 775 5128 980 6150 9594 9000 3331 451 5024
3339 7268 2941 2761 1769 8356 8308 1994 2973 5935 8992 5925 7404 1409 3805 9748 2742 2065 4242 9687 2266 6656 1312 7896 6885 6023 8840 7576 9171 9247 2424 8436 5859 3425 1737 4964 7931 4888 4586 4398 6660 7850 888 4621 7781 9522 3282 5686 8177 415 3507 5550 4664 2486 4117 7011 9156 2512 1722 817 3616 7544 5550 7630 806 8570 8141 2915 4138 9413 8338 2477 3755 1925 6208 7309 7630 4062 2368 7043 0 8340 4368 5077 6667 4732 4062 3314 5878 8082
6350 7953 5084 2753 1253 5346 1687 4790 4447 4232 6010 4980 5296 2497 8905 153 2969 6566 4232 1310 393 6901 75 9029 377 2342 780 4562 8571 6048 9093 96 2916 3293 7945 378 9648 7484 7817 1470 679 9961 115 1655 4062 6917 7731 9793 266 9287 1661 2670 4752 6624 1112 957 4117 5594 1810 5007 8217 1610 9247 7236 7168 1013 7879 7101 3425 3147 9391 1697 2485 1655 9202 7067 2984 5406 2350 775 8340 0 5467 5320 784 6388 9076 9291 2672 3387
4901 3458 1216 1748 7966 2275 2314 3649 3822 4472 4583 6891 2561 7814 4063 1658 2343 6561 8749 4858 9801 3279 8461 9790 3510 2862 4235 420 3805 5268 4119 4565 9674 4818 6614 729 1993 3509 150 147 7659 4015 7498 5654 5880 9520 2963 2539 4299 2368 5001 4508 1350 5186 5307 828 1590 7685 2202 1631 2090 9256 274 4471 2670 6872 3879 5413 5012 8962 1544 7753 5518 5901 6718 9615 2644 5401 3724 5128 4368 5467 0 8849 2302 8361 4779 4525 9460 2205
8053 1914 9434 9374 9144 8592 7045 3130 2385 8500 5693 4403 4936 7082 6278 9457 4495 3393 9644 1480 9668 708 3383 8921 1354 4225 5625 6933 4124 6225 1742 9180 851 3749 8456 4482 4825 5907 4089 8676 7136 4044 9508 1386 6073 5624 1557 3794 9624 3430 3472 4099 3431 724 7350 497 3186 3216 6858 5438 7335 5249 3171 2532 372 5123 7256 8060 2569 3505 7738 8923 9112 1760 7059 3908 8861 6367 4498 980 5077 5320 8849 0 2812 6282 1866 7328 1983 8803
5445 7090 5680 8404 8198 3595 8678 8123 5326 2808 224 9987 9659 3681 3060 7287 6827 7245 4275 8453 5504 9490 9736 8309 2514 8473 6573 514 4115 1883 3396 1109 6984 4111 7091 3169 64 1477 9622 9808 2114 1282 1705 7171 4238 3537 2709 6545 7623 5489 4123 3746 5345 6596 403 4756 8427 133 8386 7712 3709 4030 4190 4825 6852 9215 1254 2779 3505 848 1047 9039 3596 3240 7850 8977 5989 7362 8947 6150 6667 784 2302 2812 0 3967 9241 2455 5641 4057
5245 9211 9545 5446 5095 2246 1749 8029 2529 7981 2801 276 7949 6150 9520 7549 4520 5853 4099 6329 8728 1413 9179 2160 3361 1837 8002 2296 2773 3138 5054 5303 7248 379 5231 7376 7437 2288 5919 7859 4841 6048 6276 398 131 9955 1810 4857 7777 6298 162 980 2770 5042 5211 9214 7603 3036 7766 8670 3899 221 7006 8976 6261 8436 7538 6650 189 6563 8034 4904 1842 2948 3344 8838 7700 4561 2554 9594 4732 6388 8361 6282 3967 0 5589 7791 7868 1334
6113 5275 5502 4499 3374 6115 3711 2850 5651 9701 8103 9515 3245 970 3410 4906 9485 3339 6047 9862 3493 6043 7329 443 9635 3655 7887 5822 8482 4849 4967 3187 2678 4662 8560 4603 9396 3931 7392 4385 8907 7407 7630 2087 6434 9344 4027 1258 8419 7967 7549 2000 1611 8833 1243 9255 7166 1019 35 4566 963 6529 5931 1758 4904 9435 6666 8733 9250 8957 5326 6207 6122 1433 9035 2763 9127 8065 6864 9000 4062 9076 4779 1866 9241 5589 0 4413 2231 7430
6240 1215 5452 4067 9936 1138 6511 8135 2740 9383 9454 723 7694 8244 8828 2079 4750 1867 5797 8281 166 7290 7543 1272 3347 2111 9623 3490 2371 8052 203 4999 8306 1014 8846 8852 6910 6606 7813 9066 6406 6325 9658 9843 8315 1562 3820 5160 4644 4862 6159 2994 526 9705 3172 3442 9921 3015 1047 5091 5814 4686 7924 1180 6179 6626 6085 3772 3903 6255 1298 7582 4443 4348 550 9360 3931 5880 425 3331 3314 9291 4525 7328 2455 7791 4413 0 5040 5446
981 7248 1397 4566 1474 4435 6577 6977 7659 8962 6617 1698 3028 2325 5995 1854 1580 4586 1505 2445 5660 1052 4625 4684 9717 8034 2998 2136 2180 2106 6679 9899 365 9263 2833 1101 308 3987 5686 7644 547 6674 2896 2902 1930 7917 9534 2950 9923 2649 6972 5966 3945 7949 7353 4589 4344 3452 1959 7605 8759 6065 9268 6520 167 9802 2478 4625 8786 7662 7377 2353 2962 2003 6212 5382 7700 209 3322 451 5878 2672 9460 1983 5641 7868 2231 5040 0 6438
6691 3784 3697 427 8358 6188 4951 8458 8923 924 2396 3024 3743 1501 2010 1084 63 457 3015 5462 9576 2424 3248 9825 4939 607 6185 7718 7518 3640 4945 4028 4516 5922 6968 6345 8425 1530 9903 6798 400 4928 421 147 447 6518 9038 8025 9176 9537 6414 2324 1644 9701 4560 6083 3925 2293 699 3647 1629 2243 377 8572 7072 9018 9038 4185 2180 8599 1399 434 5865 2490 7602 4714 8647 7572 9794 5024 8082 3387 2205 8803 4057 1334 7430 5446 6438 0
EOF
