NAME: MyData20
COMMENT: 20 nodes generated to conduct algorithm efficiency
TYPE: TSP
DIMENSION: 20
EDGE_WEIGHT_TYPE: EXPLICIT
DISPLAY_DATA_TYPE: TWOD_DISPLAY
EDGE_WEIGHT_FORMAT: FULL MATRIX
EDGE_WEIGHT_SECTION:
0 6688 3144 5692 33 4516 4673 74 723 2097 2521 971 8359 5883 3724 3351 9668 7902 735 7585
6688 0 9345 9783 956 9360 8126 418 8623 1586 235 6262 8381 8793 3866 6847 8644 815 6094 6472
3144 9345 0 2126 5970 7327 1373 6764 8490 1714 1233 7022 9661 3970 6871 5291 7537 8739 6552 2631
5692 9783 2126 0 1585 4105 9147 8575 7610 9442 2534 6831 3879 7676 1773 3788 8071 6210 2808 8160
33 956 5970 1585 0 5046 8290 9297 204 1955 6017 9185 827 4119 3751 432 7934 7203 8490 7373
4516 9360 7327 4105 5046 0 9992 6077 8298 2935 1030 5702 5304 8362 1358 1941 3561 9874 3756 9225
4673 8126 1373 9147 8290 9992 0 1996 6876 8556 8805 7866 7044 8949 4674 3743 9604 5125 254 1489
74 418 6764 8575 9297 6077 1996 0 1213 3518 8650 1594 8822 8011 3634 1256 495 3721 457 1046
723 8623 8490 7610 204 8298 6876 1213 0 6131 5481 3759 5616 3248 737 2963 3532 1599 6177 7875
2097 1586 1714 9442 1955 2935 8556 3518 6131 0 8357 3025 2476 1901 5484 9662 2444 7222 2817 3298
2521 235 1233 2534 6017 1030 8805 8650 5481 8357 0 8743 6978 8432 4468 7157 7479 6365 7372 7183
971 6262 7022 6831 9185 5702 7866 1594 3759 3025 8743 0 2796 6765 737 7528 5406 5127 330 5935
8359 8381 9661 3879 827 5304 7044 8822 5616 2476 6978 2796 0 9867 9832 2109 808 7368 6147 4971
5883 8793 3970 7676 4119 8362 8949 8011 3248 1901 8432 6765 9867 0 1154 4800 7819 5939 158 3953
3724 3866 6871 1773 3751 1358 4674 3634 737 5484 4468 737 9832 1154 0 1074 5462 5793 9880 1296
3351 6847 5291 3788 432 1941 3743 1256 2963 9662 7157 7528 2109 4800 1074 0 6731 3396 2846 6881
9668 8644 7537 8071 7934 3561 9604 495 3532 2444 7479 5406 808 7819 5462 6731 0 1069 2193 364
7902 815 8739 6210 7203 9874 5125 3721 1599 7222 6365 5127 7368 5939 5793 3396 1069 0 6798 5657
735 6094 6552 2808 8490 3756 254 457 6177 2817 7372 330 6147 158 9880 2846 2193 6798 0 1438
7585 6472 2631 8160 7373 9225 1489 1046 7875 3298 7183 5935 4971 3953 1296 6881 364 5657 1438 0
EOF
