NAME: MyData100
COMMENT: 100 nodes generated to conduct algorithm efficiency
TYPE: TSP
DIMENSION: 100
EDGE_WEIGHT_TYPE: EXPLICIT
DISPLAY_DATA_TYPE: TWOD_DISPLAY
EDGE_WEIGHT_FORMAT: FULL MATRIX
EDGE_WEIGHT_SECTION:
0 2759 925 9890 9302 425 4823 2900 7163 1635 799 7889 3759 776 9112 7344 1989 9923 1022 2150 5021 3546 3896 5215 3721 6913 7864 7954 6061 3386 7335 1079 2815 8007 2319 4004 2366 9859 2594 1645 119 6871 4470 8202 4369 6102 7020 6758 4307 2985 935 4260 9790 4221 673 7755 1546 649 1122 3517 2972 2424 2623 791 7621 824 7501 6174 7315 5460 915 9657 2405 4985 3973 2400 4677 9615 3423 463 7904 4698 7961 6693 81 3766 2410 8064 1487 5344 3012 4922 6692 6282 4618 5894 129 2143 5049 3070
2759 0 8660 6871 3206 525 7872 3870 6396 4334 9201 7054 2473 4778 8972 9181 4158 157 4723 916 1026 6654 7535 9063 9530 5022 2265 5186 8995 6925 3131 4335 8550 2035 967 6867 2667 9434 2542 5523 9960 9272 8409 3827 6491 4181 2142 8313 7710 832 5663 5668 1096 6468 2496 5451 164 7312 8924 3360 4874 7878 1559 7990 4201 2752 1201 2984 9432 9374 1776 5763 8944 4071 5152 8732 9984 5976 1549 5640 2709 9477 874 1983 6002 203 1399 7419 3455 8316 3577 322 6520 1813 2078 6899 9438 1161 4325 2662
925 8660 0 5215 2476 1298 3906 3826 8762 2874 382 8110 8130 1229 9344 2447 6461 734 9856 3864 3068 5721 7178 1879 6776 4355 872 9720 196 1374 4015 2696 130 8853 2126 4846 9957 2412 4311 2028 8346 3945 2359 7966 2952 2694 524 7619 6206 9441 1672 6009 3906 7111 7192 7073 4277 1467 158 9231 7041 7366 7029 1409 4054 7929 3421 4919 3081 9216 3761 424 9990 8909 1068 4901 6076 7992 6322 2217 2515 4608 7571 4924 6439 3673 8829 144 3400 6391 8554 2429 6426 6866 8156 3241 1212 3716 1426 2360
9890 6871 5215 0 9931 6028 8578 2259 4045 5239 984 7142 7032 1185 8978 379 9979 5259 3733 3368 2244 4715 8582 2182 7458 1117 6396 2045 3619 5382 3861 2228 2200 6283 3912 1201 7331 2992 5821 1809 52 1447 6060 8095 816 9020 3214 1471 6324 4483 8915 6240 8038 6257 7958 7759 9228 5783 4620 3798 5134 1498 9757 2409 463 6876 2400 7413 1399 2221 550 7370 4991 9347 973 930 3342 9458 7630 1125 7681 3746 5975 4743 864 5369 6078 1832 5467 1358 2876 7556 7372 5911 823 1203 2478 5488 177 3332
9302 3206 2476 9931 0 2557 2757 7439 7013 5262 4214 1662 2840 5396 5103 1128 5138 2909 7079 2687 4859 8487 721 7370 8439 5956 3429 1963 6542 4287 3660 447 7540 3371 9496 6360 9245 4540 5837 8403 5490 9628 5974 6787 7018 424 2454 5310 8570 492 2044 1304 8671 265 7136 5 3615 9845 4816 2699 5694 7836 6062 2836 391 4096 7244 3294 9941 8564 1091 228 3036 2131 5254 9865 4207 6669 7625 5597 5725 5723 6917 6000 9283 7568 4795 960 9783 9538 6243 3235 376 1900 7530 3599 312 7947 5773 9042
425 525 1298 6028 2557 0 2567 6088 244 1395 3044 7524 5963 3473 5629 7925 218 7073 4599 6617 7066 516 2389 3704 8094 4606 7273 3305 2210 749 8201 1643 7443 8680 2313 3567 5367 9302 7583 2083 4433 1239 1024 7394 2335 6740 7766 3487 3913 2597 1025 4433 7620 3156 4388 1532 3635 9958 675 5214 6890 1926 2749 1223 5038 4024 3247 7626 1318 7275 9944 766 1717 8522 8913 5095 3488 1968 1491 1029 9245 4641 6903 3801 4606 1855 7092 4795 5844 2920 6964 9913 9254 7422 5348 7788 170 5359 4003 625
4823 7872 3906 8578 2757 2567 0 1182 2990 7679 6846 6427 2576 9738 1939 993 2304 5102 5323 3741 5557 6105 1893 3706 7273 1512 2620 1059 8446 7671 1555 2026 7026 8261 3893 8013 7116 6539 4215 9502 2880 6053 5659 3254 7970 2826 2204 6533 6443 7298 2179 6588 9756 7716 1821 7000 682 1314 7154 3161 1820 2010 3928 9370 9415 7524 8992 7041 8184 8677 9671 4098 560 9989 492 7537 6921 6786 4186 2339 4360 7630 3230 5834 8486 9206 7199 5432 2691 7243 944 1406 6815 1929 5783 3103 9847 9983 1985 128
2900 3870 3826 2259 7439 6088 1182 0 2717 1369 109 2784 3189 1114 230 8995 7083 5828 5008 4561 8280 2943 3460 2802 6852 6978 6771 6105 3447 9520 4047 3608 8010 180 5933 4711 1189 2452 1255 2678 5709 9808 8934 7521 2899 551 8691 1038 7563 1469 7090 4123 3990 6566 4426 886 2762 9237 3968 5349 2337 2498 9139 6267 6168 6398 787 7473 30 1336 7556 6196 8211 8018 3069 3265 3636 6278 5844 6130 2791 4594 4527 9964 5590 9658 9530 9997 1703 6771 8458 432 7405 9038 8164 8339 1773 3358 4994 3339
7163 6396 8762 4045 7013 244 2990 2717 0 1748 4663 6091 9561 5281 3082 7695 769 7363 5111 8726 9557 8347 2830 3161 6012 2341 9135 9793 621 8457 9486 9356 7925 1992 4092 1784 6884 6690 1413 1993 7423 7822 9532 1208 4266 2700 7894 2494 6891 9158 4024 4440 2278 8109 8767 9890 6730 6575 7398 5294 1854 5292 752 4102 6476 2712 8246 2529 2059 4694 8300 5282 8580 9630 2502 6599 5607 4606 6116 491 2858 6411 7399 8570 953 6018 3063 9099 5493 9529 6239 2442 566 9526 7551 7619 3115 5367 6610 376
1635 4334 2874 5239 5262 1395 7679 1369 1748 0 4817 2006 3906 6200 8187 8323 4125 4488 5960 6826 8086 2339 359 3943 1914 8875 3395 4174 2578 5562 9731 3579 1077 462 192 9350 7639 7423 6524 4752 9334 3589 2344 137 2383 989 3583 9606 853 7646 4759 9156 6848 3918 5022 1917 7724 1356 1751 8825 3519 8763 2118 3619 6015 9115 6508 7263 1531 2854 4556 8590 6305 5099 1941 2254 4346 1156 893 4189 6880 8232 9201 6841 1280 7974 9289 7822 1964 206 5534 1906 4551 2232 797 2225 4831 9647 5130 3819
799 9201 382 984 4214 3044 6846 109 4663 4817 0 5977 4694 4549 1759 4568 6930 3140 6114 8778 1502 1622 2402 745 1830 236 2977 7341 1029 9648 8051 5586 773 9434 5738 1530 5876 8537 4483 8579 4069 6318 9173 3764 4438 8096 1379 2271 5190 446 2408 4794 6462 4677 3391 2011 3262 5357 3835 506 3707 2123 1771 5541 7392 8107 2285 7179 8475 3207 8213 6036 7005 1893 9483 9474 3448 5437 7443 4768 4463 9294 4680 2364 184 5865 1435 4427 1446 6345 8302 3084 7995 4533 3635 4893 2854 5499 4442 851
7889 7054 8110 7142 1662 7524 6427 2784 6091 2006 5977 0 6588 2053 6330 1388 7895 7058 2015 2883 7485 9041 8478 8513 4539 7762 2976 2034 6899 1875 9686 7340 4165 5938 4909 9448 9387 7447 8707 4569 9243 8515 6655 7193 592 1506 7636 890 7223 3155 3771 8066 8781 6828 7538 5352 3690 1546 1143 3847 8134 6520 951 3259 8084 4349 2427 6907 3538 6629 935 5888 2556 7208 5123 6394 1424 3171 7590 0 9574 680 9846 8841 4648 1401 6672 7985 9124 1237 9014 8589 7994 5096 1733 6362 6629 7408 9173 42
3759 2473 8130 7032 2840 5963 2576 3189 9561 3906 4694 6588 0 2509 6960 7243 8503 4875 6515 6313 8104 2509 6384 2317 9401 8927 2183 1924 1959 9976 6663 9749 5118 4117 4928 9830 1388 4220 7546 1116 3780 5713 1319 7611 9485 6832 7101 2710 52 2466 3479 81 73 5552 9317 4908 3489 3923 6143 907 787 3363 592 2109 1482 8128 8904 6147 2573 6062 6350 9950 3458 6669 3410 8583 7354 7675 426 5251 6651 4069 4155 9597 137 2028 892 4061 3290 8311 785 341 8503 9837 6873 4943 1079 1731 9356 7246
776 4778 1229 1185 5396 3473 9738 1114 5281 6200 4549 2053 2509 0 1371 1109 8875 5413 9341 7990 4911 7150 6802 2586 9938 516 1556 2434 836 8799 1579 4429 6341 6639 8500 5827 3504 4228 1976 860 9022 8426 8795 2426 7309 4200 4415 4444 4168 7429 1391 1072 8711 199 8832 8708 9494 2318 2516 1923 6411 7656 3836 1055 7584 8125 208 5597 2181 8026 3747 8158 6838 4193 1721 9814 3071 7657 6066 8564 2871 8757 1928 1413 1670 6594 4228 7216 8945 3563 9638 7320 9854 8964 958 3602 6621 3269 7613 8475
9112 8972 9344 8978 5103 5629 1939 230 3082 8187 1759 6330 6960 1371 0 2544 1251 3063 3885 1396 8757 7251 4144 1934 1140 1833 1682 3105 6114 2085 4080 5097 9566 2883 3943 1100 8685 8843 214 2108 2961 5317 8326 9097 117 9669 6522 903 3447 2392 7401 8776 3140 4326 1969 2893 3340 7667 9211 8224 9263 1750 5069 2532 4884 4262 2162 7973 1470 9319 6678 4529 7271 7933 9587 6161 4748 4200 3710 9729 3031 9994 8652 9574 7596 8580 9367 5531 2108 6618 5070 9051 6761 874 827 2834 8553 4503 9514 2221
7344 9181 2447 379 1128 7925 993 8995 7695 8323 4568 1388 7243 1109 2544 0 5027 6909 6314 9386 3262 7229 1501 769 9806 299 5468 5299 4827 5973 2714 3999 7297 9420 8903 2825 4043 935 9333 9884 3223 2651 3252 7540 4910 5103 9852 472 9333 782 4030 2210 504 2617 2359 6186 9226 7804 4838 2202 4759 386 9709 8551 1076 4544 1081 4143 2710 4721 3500 9841 1867 7852 3912 3965 4103 9518 8594 7921 954 1871 7354 8362 8884 2378 6873 17 8538 8502 1608 9704 1612 4600 3602 8130 3584 4382 4085 727
1989 4158 6461 9979 5138 218 2304 7083 769 4125 6930 7895 8503 8875 1251 5027 0 16 8789 4080 9348 2698 2768 2729 7341 1098 3389 1662 7046 4431 7544 4311 6765 1014 553 9861 8945 893 6207 1487 118 2138 819 3443 9894 5029 4362 7827 3432 4270 5678 9881 8397 5069 6809 3186 9446 8258 3641 5642 5028 7438 5884 9898 6396 3912 176 2721 5643 2235 7593 3297 2735 2439 3148 6683 7782 2045 5429 1749 7770 2442 1478 6966 711 9067 3897 3267 5123 1686 9902 6346 3617 4310 2051 4776 8104 7693 8601 2579
9923 157 734 5259 2909 7073 5102 5828 7363 4488 3140 7058 4875 5413 3063 6909 16 0 3122 3189 8626 5818 7337 9666 5866 4982 4140 5800 8593 8044 8654 4451 2337 6384 9240 4367 3570 5745 2864 9863 6431 6904 9206 4797 2721 9978 5321 5300 1052 8723 2806 4870 2326 2740 6010 7271 4220 2012 7778 524 8160 228 8778 1297 2483 4862 9501 5258 1777 8938 8286 6052 2337 3086 43 7079 4884 6647 8913 2096 100 7930 4240 7668 1307 3843 9588 73 1399 5481 8907 9871 703 6956 3596 4158 667 3094 7222 5406
1022 4723 9856 3733 7079 4599 5323 5008 5111 5960 6114 2015 6515 9341 3885 6314 8789 3122 0 3965 5261 6899 4011 1743 9980 8945 8521 2522 259 6471 326 71 5767 8482 2461 4680 8619 2820 844 5958 9157 6693 1347 88 9447 6178 9257 5354 579 3342 7728 5570 676 5017 6098 1943 6352 3381 4455 9648 5440 6401 6838 4765 2128 7842 9490 7684 955 860 9324 2111 5585 5613 4193 1593 734 4243 8668 6685 2907 1204 6438 3405 8150 5701 7094 1887 8967 6644 7020 1228 4608 9027 3783 1490 1522 8166 3646 3943
2150 916 3864 3368 2687 6617 3741 4561 8726 6826 8778 2883 6313 7990 1396 9386 4080 3189 3965 0 8505 1774 9430 1757 100 6286 2498 8576 8409 5142 4572 4201 4975 6847 2472 4889 2739 416 9071 333 4070 959 9958 9965 6651 8731 5519 9529 9130 9461 6096 7121 6020 851 9390 3979 3454 2100 4648 2291 2061 2672 3786 8476 2206 4791 9991 1843 2595 5145 9900 8368 1896 7526 2803 9898 4005 914 8803 5190 456 1289 7449 4199 9465 8677 8221 5219 407 3329 7325 2848 3231 2517 2672 4557 8481 8611 8338 3712
5021 1026 3068 2244 4859 7066 5557 8280 9557 8086 1502 7485 8104 4911 8757 3262 9348 8626 5261 8505 0 2666 5042 1149 2746 8107 5968 9745 6858 2195 3965 9641 7030 9919 877 6880 4915 8171 7828 2123 8104 7476 755 5853 5981 4435 3915 8787 6508 9439 992 4871 2971 4414 684 730 4192 6616 8270 7732 7084 6431 5900 1806 8690 8189 8083 5785 2269 1461 5889 5387 2174 2523 9543 4148 9488 679 2062 4254 8241 4054 9309 11 4324 8047 805 2110 7425 7596 6808 390 1735 7689 3225 8476 829 6750 9283 6010
3546 6654 5721 4715 8487 516 6105 2943 8347 2339 1622 9041 2509 7150 7251 7229 2698 5818 6899 1774 2666 0 6041 380 9790 1334 7501 3389 3498 7409 6096 338 2619 2339 329 4213 2431 1561 6598 6186 3758 113 2899 5001 884 9523 6429 8403 7850 7327 299 4098 5581 274 3706 5217 4216 1883 9918 6815 2517 21 1148 9397 1029 871 5116 3806 1045 4633 3788 3964 7023 4701 5441 3682 2914 4845 1255 7066 1382 6738 4263 8207 7143 7030 9164 9391 8101 1845 3234 8997 4088 654 8136 1584 7862 2967 8583 6028
3896 7535 7178 8582 721 2389 1893 3460 2830 359 2402 8478 6384 6802 4144 1501 2768 7337 4011 9430 5042 6041 0 1610 8763 1243 9947 3506 7965 5703 3649 4907 5031 7266 290 2137 6522 4999 3815 5850 6893 695 5455 6685 5777 8752 2798 2918 4877 8074 722 6097 9004 3804 6673 1760 8020 8065 1657 6097 8402 1677 335 5738 5249 2457 4200 332 9989 9442 8919 6047 8132 1539 3740 1443 9735 6564 7715 8865 6848 6389 7035 1689 1021 3863 810 6229 3876 2548 4333 6550 4289 3691 9282 7537 279 9251 1973 3854
5215 9063 1879 2182 7370 3704 3706 2802 3161 3943 745 8513 2317 2586 1934 769 2729 9666 1743 1757 1149 380 1610 0 549 1037 6962 8467 1259 3387 5150 5251 5408 9733 7375 2125 1892 5541 6922 4619 989 902 6047 4869 6271 9584 8201 4662 4467 8531 7276 9775 1590 3215 1201 8624 4710 1761 716 4587 2207 7776 9546 6310 3869 5259 4890 2170 8322 436 9035 3974 6765 8136 445 5243 9171 2329 289 7017 5577 1078 7809 7306 962 7177 6117 7208 8218 9928 9178 7117 6885 1213 8149 9496 9022 642 14 6882
3721 9530 6776 7458 8439 8094 7273 6852 6012 1914 1830 4539 9401 9938 1140 9806 7341 5866 9980 100 2746 9790 8763 549 0 7849 9003 10 1558 7159 1574 936 5763 4422 2711 5446 7067 3775 3004 3387 3662 7123 1769 1982 2124 4123 4943 8955 7371 8695 5947 7088 9230 6055 5077 6988 4796 5101 3861 9949 9698 4586 825 8926 3101 6796 1016 6436 6425 9032 1869 7851 4253 5815 5804 5789 3355 2914 7306 7529 2239 4283 9342 9470 2804 1884 5178 5040 7443 3083 202 1430 415 2387 9791 3652 5359 8905 7825 4780
6913 5022 4355 1117 5956 4606 1512 6978 2341 8875 236 7762 8927 516 1833 299 1098 4982 8945 6286 8107 1334 1243 1037 7849 0 4203 4500 1166 610 1802 4493 7398 2216 4389 8559 3020 1191 8881 9119 791 5903 143 7125 736 2792 6719 1817 1601 5450 1403 8432 1595 7676 8616 7691 4044 6348 1252 1930 821 9033 496 8516 895 3721 8214 7399 4202 1418 8067 4119 8944 3457 5414 3167 266 4436 1289 7901 1625 5875 8229 3429 6195 2980 6882 2522 3846 7586 5186 7912 7941 838 9336 5880 6520 844 2346 5365
7864 2265 872 6396 3429 7273 2620 6771 9135 3395 2977 2976 2183 1556 1682 5468 3389 4140 8521 2498 5968 7501 9947 6962 9003 4203 0 62 6241 2543 6280 4586 4190 4149 8988 2048 11 2588 7247 2926 9744 2070 4841 9281 1089 1041 9826 4397 8926 3947 8696 155 6047 7365 3943 1004 3396 1143 7372 61 3284 8364 342 9533 4913 9579 1697 4421 3042 3702 3596 2891 5540 8001 3502 6876 4516 2551 7802 4881 9023 9941 662 5686 838 6466 1231 3544 9713 2731 8030 8249 822 7734 8439 6474 5318 2461 8464 5213
7954 5186 9720 2045 1963 3305 1059 6105 9793 4174 7341 2034 1924 2434 3105 5299 1662 5800 2522 8576 9745 3389 3506 8467 10 4500 62 0 2413 5657 1709 6552 7870 578 1303 2568 8776 8024 1875 3249 4111 596 5271 8642 884 5261 4068 9739 6647 9102 5618 7503 2196 8290 8953 6858 7291 6501 7830 8400 4998 5961 8608 1122 5160 2875 8437 7954 3830 1529 8018 7059 302 7209 9845 4997 7630 662 8248 3500 178 9364 7549 2379 4887 7968 1987 6323 214 9552 1590 677 9701 4235 8395 590 5717 4234 8904 2203
6061 8995 196 3619 6542 2210 8446 3447 621 2578 1029 6899 1959 836 6114 4827 7046 8593 259 8409 6858 3498 7965 1259 1558 1166 6241 2413 0 6073 4318 7080 3761 3259 4405 7803 5592 8359 856 3887 3517 7922 9449 6887 4467 76 1000 8854 9614 6251 5217 2814 1964 4208 7978 5915 6987 203 8174 6702 3471 3929 9962 9832 9383 4966 5485 1835 2594 2923 7788 784 2033 5256 4600 6060 5816 515 7616 6344 958 8802 842 1234 1469 5131 4086 4296 1351 6958 4051 6145 477 1791 5184 2144 7580 7853 6600 8507
3386 6925 1374 5382 4287 749 7671 9520 8457 5562 9648 1875 9976 8799 2085 5973 4431 8044 6471 5142 2195 7409 5703 3387 7159 610 2543 5657 6073 0 3899 812 6218 1633 6955 6803 5514 1029 1857 6149 6862 4185 6558 8761 6076 9737 1292 4272 2561 5156 372 3114 7141 4063 1813 1574 8625 178 1002 2817 3966 5508 9045 5281 8431 7982 9435 7147 8797 8943 8813 538 855 1499 746 4331 9348 800 261 5982 6453 7409 9141 8059 9469 2770 2133 7504 2035 4827 3524 4063 8678 732 7115 2317 4712 4035 4683 6198
7335 3131 4015 3861 3660 8201 1555 4047 9486 9731 8051 9686 6663 1579 4080 2714 7544 8654 326 4572 3965 6096 3649 5150 1574 1802 6280 1709 4318 3899 0 6809 4158 20 9067 5432 1467 3138 5178 1537 716 8781 9594 7875 3609 9251 5073 486 7072 1858 2676 4930 7673 4318 3803 20 1241 672 7380 9726 6605 9905 9156 2462 3225 7012 5206 3011 5000 7173 4185 8625 121 9169 7833 3329 744 2497 400 8828 5383 90 6760 3353 795 207 9914 2130 7287 3796 1304 1445 3896 9627 5419 8849 9342 751 8000 168
1079 4335 2696 2228 447 1643 2026 3608 9356 3579 5586 7340 9749 4429 5097 3999 4311 4451 71 4201 9641 338 4907 5251 936 4493 4586 6552 7080 812 6809 0 6816 9082 7690 710 3025 8544 2255 5611 910 6624 6890 5064 6214 1282 6533 942 9816 8591 8931 3423 2514 9185 6837 2808 9442 5279 2758 9171 6503 4681 382 2158 2679 4081 9483 2045 3422 3273 1316 5321 2787 570 657 3053 524 6049 3564 8154 8405 7431 7765 8332 1321 5014 823 9654 1848 6999 1150 7900 9284 1809 131 910 1727 990 4290 1362
2815 8550 130 2200 7540 7443 7026 8010 7925 1077 773 4165 5118 6341 9566 7297 6765 2337 5767 4975 7030 2619 5031 5408 5763 7398 4190 7870 3761 6218 4158 6816 0 7645 7140 8557 7194 1966 9253 8903 2827 9720 9932 986 6142 3687 3598 4541 2318 632 4462 2651 4268 5703 2344 8808 3308 8793 8276 4986 696 8216 4604 2043 414 8975 7043 215 3073 5531 2988 4178 443 9752 1821 2689 3693 1199 6098 5539 7497 9303 9737 1829 944 4855 3730 3649 108 3509 1134 6063 1995 6602 2219 6710 7373 7905 3377 6498
8007 2035 8853 6283 3371 8680 8261 180 1992 462 9434 5938 4117 6639 2883 9420 1014 6384 8482 6847 9919 2339 7266 9733 4422 2216 4149 578 3259 1633 20 9082 7645 0 1792 8871 9451 447 7690 3416 2637 7535 6995 2194 8963 3923 6588 9556 3138 2352 2922 6133 4589 5830 877 4252 2076 8961 9452 4859 9826 8078 2938 5499 3765 9749 6046 91 5089 4284 1434 514 276 3859 619 3960 458 7039 6324 6242 3968 4493 6010 6744 8950 2881 7347 7464 548 3745 9331 9284 7842 3137 8833 354 4541 2628 5764 8736
2319 967 2126 3912 9496 2313 3893 5933 4092 192 5738 4909 4928 8500 3943 8903 553 9240 2461 2472 877 329 290 7375 2711 4389 8988 1303 4405 6955 9067 7690 7140 1792 0 4546 212 5557 9133 5692 2941 89 8436 6931 6147 5626 2365 6798 4136 7948 9729 7126 34 6730 1896 7244 8768 5354 9477 8199 4650 2487 9186 2668 4211 5400 8866 2936 1174 4585 9867 8094 8188 5538 8927 4029 3236 1604 5407 8276 8303 4418 7432 7916 391 3400 5736 2544 8109 3584 680 4711 8972 5081 6066 6714 5739 1873 1139 8012
4004 6867 4846 1201 6360 3567 8013 4711 1784 9350 1530 9448 9830 5827 1100 2825 9861 4367 4680 4889 6880 4213 2137 2125 5446 8559 2048 2568 7803 6803 5432 710 8557 8871 4546 0 6021 6492 3947 7435 6820 7434 5490 2357 8719 5467 7043 4592 7953 4362 6213 6489 3487 9346 4691 3787 3663 5237 6060 6088 2692 3747 7139 8529 2698 4680 7600 5043 7973 4215 6886 716 6754 7476 849 2039 9280 3203 8632 2388 9806 9672 9896 1596 7023 1088 6191 3639 7533 6075 4874 4851 6162 233 7858 5778 3226 193 2505 860
2366 2667 9957 7331 9245 5367 7116 1189 6884 7639 5876 9387 1388 3504 8685 4043 8945 3570 8619 2739 4915 2431 6522 1892 7067 3020 11 8776 5592 5514 1467 3025 7194 9451 212 6021 0 8902 3260 8798 9636 3642 2834 1036 7243 9153 8101 5559 3782 6615 8217 8753 801 3542 2671 8374 8576 2272 414 177 2580 2199 9126 4047 1883 2416 5665 5931 8609 4396 6518 8626 6907 5747 9313 6071 6634 815 8492 4638 6679 5277 5724 2698 7986 3126 8678 3476 4943 2458 5369 124 2288 4230 1239 5963 1032 9289 6448 8026
9859 9434 2412 2992 4540 9302 6539 2452 6690 7423 8537 7447 4220 4228 8843 935 893 5745 2820 416 8171 1561 4999 5541 3775 1191 2588 8024 8359 1029 3138 8544 1966 447 5557 6492 8902 0 9956 2972 1072 3435 3297 1121 9327 5307 4603 6826 7938 1318 2758 9506 345 4550 4080 9853 7576 4134 947 8028 1751 8515 9173 3607 6420 7998 1303 983 294 232 7613 872 733 7733 3416 2266 6677 287 7626 7518 3170 1855 4766 4051 4957 5215 288 87 5323 376 1136 1099 6535 9858 1940 3657 1414 5286 5027 8495
2594 2542 4311 5821 5837 7583 4215 1255 1413 6524 4483 8707 7546 1976 214 9333 6207 2864 844 9071 7828 6598 3815 6922 3004 8881 7247 1875 856 1857 5178 2255 9253 7690 9133 3947 3260 9956 0 5296 8417 3746 5024 2245 5677 7978 7532 3830 9659 4874 3434 9230 469 977 3070 8479 1111 4171 710 3854 6440 3782 1579 930 2222 8722 9460 7965 7071 2533 6521 5700 4213 6641 2255 6991 1373 3617 1969 5396 1689 6133 8287 9774 6989 263 866 6576 6473 2861 4044 2551 8589 4008 6367 1272 9272 6038 3948 5335
1645 5523 2028 1809 8403 2083 9502 2678 1993 4752 8579 4569 1116 860 2108 9884 1487 9863 5958 333 2123 6186 5850 4619 3387 9119 2926 3249 3887 6149 1537 5611 8903 3416 5692 7435 8798 2972 5296 0 807 8878 9757 5829 516 5306 805 9703 8382 7473 2194 6993 4357 9496 6888 1743 3758 4094 8322 2889 8357 1605 7125 6032 2583 860 8345 6505 9513 5569 5045 6792 9564 7582 664 6057 660 9070 1809 3082 2459 1999 3770 7981 7667 1730 3173 4569 1302 9496 9899 4509 2128 9059 2099 1917 9063 2215 9623 2022
119 9960 8346 52 5490 4433 2880 5709 7423 9334 4069 9243 3780 9022 2961 3223 118 6431 9157 4070 8104 3758 6893 989 3662 791 9744 4111 3517 6862 716 910 2827 2637 2941 6820 9636 1072 8417 807 0 1044 7282 8140 3077 4389 3004 1726 1328 6240 7649 1613 1580 8957 685 421 4490 9792 9768 7898 7093 2897 9167 1034 9968 6333 7226 2962 7233 3777 2008 298 8177 7241 4880 7396 3644 1137 9980 8847 4972 479 1235 7930 6224 2199 5807 4216 1245 592 5033 9791 5318 5977 7059 4806 4572 2452 563 7007
6871 9272 3945 1447 9628 1239 6053 9808 7822 3589 6318 8515 5713 8426 5317 2651 2138 6904 6693 959 7476 113 695 902 7123 5903 2070 596 7922 4185 8781 6624 9720 7535 89 7434 3642 3435 3746 8878 1044 0 8162 69 8382 4257 8953 300 2449 1565 3443 8450 9736 8781 4558 6339 1001 3066 5015 7044 4583 5398 1377 3322 6687 2135 2485 2763 408 734 5901 6359 4411 5989 885 1514 5168 3117 4020 5907 4594 2879 3856 8635 1569 3632 529 9276 1340 7835 123 9868 8287 9700 6390 3523 2209 3586 3462 992
4470 8409 2359 6060 5974 1024 5659 8934 9532 2344 9173 6655 1319 8795 8326 3252 819 9206 1347 9958 755 2899 5455 6047 1769 143 4841 5271 9449 6558 9594 6890 9932 6995 8436 5490 2834 3297 5024 9757 7282 8162 0 5072 7607 7151 5185 4036 1547 4098 7971 8086 133 2304 9427 6166 6115 6854 6244 9362 5064 5028 294 9639 477 4759 6811 9655 8514 2750 8293 2458 5256 8021 9866 6541 1268 6067 1702 1344 3961 7928 2470 2365 3290 9111 9190 8113 2849 3952 7114 6363 4487 4649 4822 7614 7918 8870 8371 8700
8202 3827 7966 8095 6787 7394 3254 7521 1208 137 3764 7193 7611 2426 9097 7540 3443 4797 88 9965 5853 5001 6685 4869 1982 7125 9281 8642 6887 8761 7875 5064 986 2194 6931 2357 1036 1121 2245 5829 8140 69 5072 0 9334 6926 2918 4808 8674 5315 2329 7023 8286 2551 6732 420 2571 4194 9811 9286 4349 7337 9007 2600 7016 4574 6287 7749 7906 6808 5038 3603 117 3806 5699 1474 5102 8190 7368 7092 5491 7763 6834 6462 9201 3778 2108 7429 8610 892 7535 6759 6144 7020 7963 5464 9151 1156 8067 5600
4369 6491 2952 816 7018 2335 7970 2899 4266 2383 4438 592 9485 7309 117 4910 9894 2721 9447 6651 5981 884 5777 6271 2124 736 1089 884 4467 6076 3609 6214 6142 8963 6147 8719 7243 9327 5677 516 3077 8382 7607 9334 0 4188 4967 2297 6771 7324 1967 6410 9529 8485 6875 128 8417 4651 9483 7529 1143 6820 5408 9088 2949 9932 1929 1415 7236 9766 1450 2820 921 5321 7762 9238 703 7571 8506 2920 2022 6942 3466 6390 8723 9439 6336 4077 7502 7371 1668 1599 9966 8873 2257 2614 6075 6958 3869 5276
6102 4181 2694 9020 424 6740 2826 551 2700 989 8096 1506 6832 4200 9669 5103 5029 9978 6178 8731 4435 9523 8752 9584 4123 2792 1041 5261 76 9737 9251 1282 3687 3923 5626 5467 9153 5307 7978 5306 4389 4257 7151 6926 4188 0 850 9802 1923 1948 7633 4270 7365 7099 5845 1669 1733 1362 1753 9987 1340 1764 2858 1371 4069 3798 9621 6397 886 2620 1250 2670 94 488 4873 4540 467 4650 4976 8423 1754 3957 252 9871 2873 2537 1633 5991 1823 4488 2568 3124 3299 9869 3457 547 8427 671 2561 1727
7020 2142 524 3214 2454 7766 2204 8691 7894 3583 1379 7636 7101 4415 6522 9852 4362 5321 9257 5519 3915 6429 2798 8201 4943 6719 9826 4068 1000 1292 5073 6533 3598 6588 2365 7043 8101 4603 7532 805 3004 8953 5185 2918 4967 850 0 4263 6517 258 9163 3468 7021 2577 4022 7989 3852 4883 9287 9696 4461 7160 3275 8807 794 6915 8257 4061 3889 3921 2943 7417 1609 4311 5662 7753 5148 951 1028 8378 5232 5882 4871 657 2368 2191 2392 946 6886 9765 77 9670 6015 6130 8959 2154 3692 457 7335 7789
6758 8313 7619 1471 5310 3487 6533 1038 2494 9606 2271 890 2710 4444 903 472 7827 5300 5354 9529 8787 8403 2918 4662 8955 1817 4397 9739 8854 4272 486 942 4541 9556 6798 4592 5559 6826 3830 9703 1726 300 4036 4808 2297 9802 4263 0 6562 6981 4121 7331 573 6942 3387 8822 1163 3913 9830 5829 5021 9184 985 9313 2497 9479 9583 9624 336 7511 9139 8401 4097 792 8288 367 3112 9417 4087 293 5261 8096 4289 8662 9623 6112 8358 8572 2910 5890 429 7101 5813 1541 5574 4915 5469 5558 7812 4996
4307 7710 6206 6324 8570 3913 6443 7563 6891 853 5190 7223 52 4168 3447 9333 3432 1052 579 9130 6508 7850 4877 4467 7371 1601 8926 6647 9614 2561 7072 9816 2318 3138 4136 7953 3782 7938 9659 8382 1328 2449 1547 8674 6771 1923 6517 6562 0 9729 99 8553 8290 6076 259 1191 5317 4190 6996 3312 6093 1813 3496 6321 9270 2790 9980 318 6828 5319 1492 2204 612 530 4349 5680 7400 2276 2699 6484 2531 680 8377 6927 9815 7530 7681 1057 3051 6875 8576 1114 7100 5774 3937 9796 7446 3267 1835 6222
2985 832 9441 4483 492 2597 7298 1469 9158 7646 446 3155 2466 7429 2392 782 4270 8723 3342 9461 9439 7327 8074 8531 8695 5450 3947 9102 6251 5156 1858 8591 632 2352 7948 4362 6615 1318 4874 7473 6240 1565 4098 5315 7324 1948 258 6981 9729 0 5220 9653 8136 1796 9583 2242 1713 2230 7678 7398 5928 5947 7640 4451 9226 5338 5474 8091 5576 4211 9088 4130 4435 6076 9733 4081 4351 2738 4233 1194 2709 5461 2611 5289 5190 1746 5335 9901 2566 3009 9464 2871 8705 5938 5042 236 4412 6260 931 3543
935 5663 1672 8915 2044 1025 2179 7090 4024 4759 2408 3771 3479 1391 7401 4030 5678 2806 7728 6096 992 299 722 7276 5947 1403 8696 5618 5217 372 2676 8931 4462 2922 9729 6213 8217 2758 3434 2194 7649 3443 7971 2329 1967 7633 9163 4121 99 5220 0 1462 968 9539 8797 133 4505 8531 260 8440 668 59 8405 8515 5164 2975 5878 7159 7992 4665 1666 5462 401 3631 5350 2651 5260 9466 8647 5294 4582 6067 9363 2475 2577 1773 3594 3848 2632 9185 8884 9633 4853 1019 8585 9595 3444 5278 5685 402
4260 5668 6009 6240 1304 4433 6588 4123 4440 9156 4794 8066 81 1072 8776 2210 9881 4870 5570 7121 4871 4098 6097 9775 7088 8432 155 7503 2814 3114 4930 3423 2651 6133 7126 6489 8753 9506 9230 6993 1613 8450 8086 7023 6410 4270 3468 7331 8553 9653 1462 0 5564 2357 991 7284 255 5449 9749 9902 5681 3603 8931 91 5232 6231 3851 5035 9912 7580 8958 1192 3470 8018 7396 9849 394 3076 8222 1378 5347 1343 5766 68 377 6973 2148 5430 6682 7307 5436 171 9575 9040 9064 4565 6299 459 7370 1000
9790 1096 3906 8038 8671 7620 9756 3990 2278 6848 6462 8781 73 8711 3140 504 8397 2326 676 6020 2971 5581 9004 1590 9230 1595 6047 2196 1964 7141 7673 2514 4268 4589 34 3487 801 345 469 4357 1580 9736 133 8286 9529 7365 7021 573 8290 8136 968 5564 0 5582 9500 1860 9643 4975 1397 2351 1313 8152 5740 559 4609 8449 6549 1510 3683 2891 1195 872 2610 1848 3980 6046 8756 2349 1029 4132 5792 4426 7337 6389 9903 4275 6823 8773 2498 4865 5301 7662 2783 3650 2629 8593 2410 6901 5201 6359
4221 6468 7111 6257 265 3156 7716 6566 8109 3918 4677 6828 5552 199 4326 2617 5069 2740 5017 851 4414 274 3804 3215 6055 7676 7365 8290 4208 4063 4318 9185 5703 5830 6730 9346 3542 4550 977 9496 8957 8781 2304 2551 8485 7099 2577 6942 6076 1796 9539 2357 5582 0 172 1643 1756 7143 7205 3252 2406 4477 961 4843 1556 5494 5643 1195 4527 3103 778 5940 6210 3734 3859 416 8312 5759 2434 8861 2628 5475 1242 625 4778 2105 3194 1243 343 4674 7538 837 1918 9151 5566 9759 2173 838 4921 688
673 2496 7192 7958 7136 4388 1821 4426 8767 5022 3391 7538 9317 8832 1969 2359 6809 6010 6098 9390 684 3706 6673 1201 5077 8616 3943 8953 7978 1813 3803 6837 2344 877 1896 4691 2671 4080 3070 6888 685 4558 9427 6732 6875 5845 4022 3387 259 9583 8797 991 9500 172 0 378 9658 5502 7292 7896 7592 2841 2135 8667 9709 4629 5008 778 253 7702 5355 1592 7188 7843 448 3514 554 6391 1085 4377 4852 5929 3315 5744 2981 1039 9532 3098 7876 4775 652 8648 2655 8619 2508 1096 5436 318 9037 4970
7755 5451 7073 7759 5 1532 7000 886 9890 1917 2011 5352 4908 8708 2893 6186 3186 7271 1943 3979 730 5217 1760 8624 6988 7691 1004 6858 5915 1574 20 2808 8808 4252 7244 3787 8374 9853 8479 1743 421 6339 6166 420 128 1669 7989 8822 1191 2242 133 7284 1860 1643 378 0 9237 7264 5757 9273 8644 7134 6690 7429 2677 8665 2597 1272 1011 7945 6799 9947 5451 4742 7659 9583 4026 5344 3769 4787 5115 3319 9928 8911 6807 177 3567 8419 9024 2633 787 2103 5556 7624 1567 4320 9374 4052 9531 3865
1546 164 4277 9228 3615 3635 682 2762 6730 7724 3262 3690 3489 9494 3340 9226 9446 4220 6352 3454 4192 4216 8020 4710 4796 4044 3396 7291 6987 8625 1241 9442 3308 2076 8768 3663 8576 7576 1111 3758 4490 1001 6115 2571 8417 1733 3852 1163 5317 1713 4505 255 9643 1756 9658 9237 0 9760 643 4363 899 6893 5221 127 8823 2848 7577 436 2403 9360 5813 2941 1659 4011 6080 2815 9769 9599 2349 704 683 8412 9431 8165 2687 7900 2964 7853 1235 7575 8303 4300 8221 8395 474 6712 8231 1547 8119 3805
649 7312 1467 5783 9845 9958 1314 9237 6575 1356 5357 1546 3923 2318 7667 7804 8258 2012 3381 2100 6616 1883 8065 1761 5101 6348 1143 6501 203 178 672 5279 8793 8961 5354 5237 2272 4134 4171 4094 9792 3066 6854 4194 4651 1362 4883 3913 4190 2230 8531 5449 4975 7143 5502 7264 9760 0 4839 1978 8588 4879 6126 2328 5746 9499 5361 1435 7091 4537 8417 7696 238 7621 2353 7728 4168 461 9 7215 3652 6632 2197 3865 8645 1084 8967 3457 1001 6175 5422 3325 7236 7119 4129 6101 3535 4940 4476 3386
1122 8924 158 4620 4816 675 7154 3968 7398 1751 3835 1143 6143 2516 9211 4838 3641 7778 4455 4648 8270 9918 1657 716 3861 1252 7372 7830 8174 1002 7380 2758 8276 9452 9477 6060 414 947 710 8322 9768 5015 6244 9811 9483 1753 9287 9830 6996 7678 260 9749 1397 7205 7292 5757 643 4839 0 9133 3943 4990 8921 2988 6857 848 654 4961 9152 7530 9295 8161 5469 4112 183 2478 554 7377 2577 5801 878 7144 2822 7003 318 7510 9494 5357 9264 9199 9117 7391 8436 4184 9405 4970 294 9367 7792 6177
3517 3360 9231 3798 2699 5214 3161 5349 5294 8825 506 3847 907 1923 8224 2202 5642 524 9648 2291 7732 6815 6097 4587 9949 1930 61 8400 6702 2817 9726 9171 4986 4859 8199 6088 177 8028 3854 2889 7898 7044 9362 9286 7529 9987 9696 5829 3312 7398 8440 9902 2351 3252 7896 9273 4363 1978 9133 0 6010 2264 6504 2690 2587 4171 7709 8058 1427 7809 3617 2820 6967 5800 2955 7522 4255 4019 4949 676 9111 3025 1193 8359 4906 6488 3314 6100 4410 3665 5282 1394 8981 486 7787 4323 3114 2208 6075 2296
2972 4874 7041 5134 5694 6890 1820 2337 1854 3519 3707 8134 787 6411 9263 4759 5028 8160 5440 2061 7084 2517 8402 2207 9698 821 3284 4998 3471 3966 6605 6503 696 9826 4650 2692 2580 1751 6440 8357 7093 4583 5064 4349 1143 1340 4461 5021 6093 5928 668 5681 1313 2406 7592 8644 899 8588 3943 6010 0 3235 5728 4015 6122 146 9974 8172 1799 1234 8868 9824 1354 7712 2853 7031 6012 2731 1059 5176 3869 7419 8495 7308 4871 5376 1388 3758 4444 5255 6962 4125 8632 8145 8460 6740 7107 6370 7218 662
2424 7878 7366 1498 7836 1926 2010 2498 5292 8763 2123 6520 3363 7656 1750 386 7438 228 6401 2672 6431 21 1677 7776 4586 9033 8364 5961 3929 5508 9905 4681 8216 8078 2487 3747 2199 8515 3782 1605 2897 5398 5028 7337 6820 1764 7160 9184 1813 5947 59 3603 8152 4477 2841 7134 6893 4879 4990 2264 3235 0 1159 6757 3809 2792 2604 7746 5087 4321 360 8445 7317 3913 9256 8846 8833 6496 1714 6941 3355 9157 4468 8894 290 2349 7291 9659 6156 2890 7508 5492 1816 6696 1659 4660 5466 6620 3257 4762
2623 1559 7029 9757 6062 2749 3928 9139 752 2118 1771 951 592 3836 5069 9709 5884 8778 6838 3786 5900 1148 335 9546 825 496 342 8608 9962 9045 9156 382 4604 2938 9186 7139 9126 9173 1579 7125 9167 1377 294 9007 5408 2858 3275 985 3496 7640 8405 8931 5740 961 2135 6690 5221 6126 8921 6504 5728 1159 0 819 2588 4043 2102 5662 384 1253 8620 3732 114 93 3051 7900 8486 840 6204 2802 1404 9804 496 5494 2831 8181 6188 5865 9557 3146 1035 4188 7381 3356 9152 5917 9981 3165 4970 9492
791 7990 1409 2409 2836 1223 9370 6267 4102 3619 5541 3259 2109 1055 2532 8551 9898 1297 4765 8476 1806 9397 5738 6310 8926 8516 9533 1122 9832 5281 2462 2158 2043 5499 2668 8529 4047 3607 930 6032 1034 3322 9639 2600 9088 1371 8807 9313 6321 4451 8515 91 559 4843 8667 7429 127 2328 2988 2690 4015 6757 819 0 8882 7251 6348 9702 7370 2744 6152 5060 6893 8061 3477 6397 9330 3634 90 1653 4670 8736 6614 8215 676 1836 723 7589 2510 3944 5581 9630 8555 5399 2382 9377 9179 5217 82 8848
7621 4201 4054 463 391 5038 9415 6168 6476 6015 7392 8084 1482 7584 4884 1076 6396 2483 2128 2206 8690 1029 5249 3869 3101 895 4913 5160 9383 8431 3225 2679 414 3765 4211 2698 1883 6420 2222 2583 9968 6687 477 7016 2949 4069 794 2497 9270 9226 5164 5232 4609 1556 9709 2677 8823 5746 6857 2587 6122 3809 2588 8882 0 78 8223 3961 5551 6412 9777 4312 4793 776 6976 7560 7296 7020 1191 8040 1285 3578 9701 9051 6866 4974 8088 3677 1849 8709 1907 3948 6085 7318 7506 6006 8728 6774 1735 7200
824 2752 7929 6876 4096 4024 7524 6398 2712 9115 8107 4349 8128 8125 4262 4544 3912 4862 7842 4791 8189 871 2457 5259 6796 3721 9579 2875 4966 7982 7012 4081 8975 9749 5400 4680 2416 7998 8722 860 6333 2135 4759 4574 9932 3798 6915 9479 2790 5338 2975 6231 8449 5494 4629 8665 2848 9499 848 4171 146 2792 4043 7251 78 0 2948 2782 2807 6532 3591 7147 6094 5656 178 5962 9103 5407 6242 8409 5674 2847 3024 4954 7239 9866 2427 4850 6723 8659 8474 8996 2210 5528 558 6038 9889 8102 8999 3235
7501 1201 3421 2400 7244 3247 8992 787 8246 6508 2285 2427 8904 208 2162 1081 176 9501 9490 9991 8083 5116 4200 4890 1016 8214 1697 8437 5485 9435 5206 9483 7043 6046 8866 7600 5665 1303 9460 8345 7226 2485 6811 6287 1929 9621 8257 9583 9980 5474 5878 3851 6549 5643 5008 2597 7577 5361 654 7709 9974 2604 2102 6348 8223 2948 0 1453 7415 5597 9121 5429 598 9680 8638 1300 1662 9099 9142 6995 1978 6592 8587 5481 3790 1994 405 405 6740 6661 8800 9209 7050 9075 9223 8387 8827 1069 768 3086
6174 2984 4919 7413 3294 7626 7041 7473 2529 7263 7179 6907 6147 5597 7973 4143 2721 5258 7684 1843 5785 3806 332 2170 6436 7399 4421 7954 1835 7147 3011 2045 215 91 2936 5043 5931 983 7965 6505 2962 2763 9655 7749 1415 6397 4061 9624 318 8091 7159 5035 1510 1195 778 1272 436 1435 4961 8058 8172 7746 5662 9702 3961 2782 1453 0 4937 1193 8539 8061 3790 7489 1146 2043 6669 5582 8234 4338 4213 1561 9388 7289 3351 9608 8375 2250 8456 9973 5841 6930 1426 9664 9006 7775 5181 9039 598 7783
7315 9432 3081 1399 9941 1318 8184 30 2059 1531 8475 3538 2573 2181 1470 2710 5643 1777 955 2595 2269 1045 9989 8322 6425 4202 3042 3830 2594 8797 5000 3422 3073 5089 1174 7973 8609 294 7071 9513 7233 408 8514 7906 7236 886 3889 336 6828 5576 7992 9912 3683 4527 253 1011 2403 7091 9152 1427 1799 5087 384 7370 5551 2807 7415 4937 0 4995 9049 2197 5966 7462 5656 2276 3178 1254 3203 4202 7603 57 1570 5419 2328 5685 1319 9383 4814 4507 7269 9863 9848 5439 2832 9 8047 7756 8962 9979
5460 9374 9216 2221 8564 7275 8677 1336 4694 2854 3207 6629 6062 8026 9319 4721 2235 8938 860 5145 1461 4633 9442 436 9032 1418 3702 1529 2923 8943 7173 3273 5531 4284 4585 4215 4396 232 2533 5569 3777 734 2750 6808 9766 2620 3921 7511 5319 4211 4665 7580 2891 3103 7702 7945 9360 4537 7530 7809 1234 4321 1253 2744 6412 6532 5597 1193 4995 0 9721 8768 8548 4348 2185 8625 1449 3543 6055 6376 6787 3404 3586 9743 5397 4854 5394 4220 4570 5704 5604 3409 4092 1828 8512 8276 6501 1574 4617 2004
915 1776 3761 550 1091 9944 9671 7556 8300 4556 8213 935 6350 3747 6678 3500 7593 8286 9324 9900 5889 3788 8919 9035 1869 8067 3596 8018 7788 8813 4185 1316 2988 1434 9867 6886 6518 7613 6521 5045 2008 5901 8293 5038 1450 1250 2943 9139 1492 9088 1666 8958 1195 778 5355 6799 5813 8417 9295 3617 8868 360 8620 6152 9777 3591 9121 8539 9049 9721 0 3732 9379 3704 5630 4048 3999 6542 176 4949 2771 8537 4968 1814 8555 5587 1991 6562 6948 4117 5414 1790 9301 6985 8978 8917 4335 8695 6116 7275
9657 5763 424 7370 228 766 4098 6196 5282 8590 6036 5888 9950 8158 4529 9841 3297 6052 2111 8368 5387 3964 6047 3974 7851 4119 2891 7059 784 538 8625 5321 4178 514 8094 716 8626 872 5700 6792 298 6359 2458 3603 2820 2670 7417 8401 2204 4130 5462 1192 872 5940 1592 9947 2941 7696 8161 2820 9824 8445 3732 5060 4312 7147 5429 8061 2197 8768 3732 0 2214 7033 1340 3608 2296 4532 7232 248 9592 9351 6070 4896 2630 6405 9187 1071 9224 8807 7503 4946 2191 7359 7628 8535 4669 1943 7568 89
2405 8944 9990 4991 3036 1717 560 8211 8580 6305 7005 2556 3458 6838 7271 1867 2735 2337 5585 1896 2174 7023 8132 6765 4253 8944 5540 302 2033 855 121 2787 443 276 8188 6754 6907 733 4213 9564 8177 4411 5256 117 921 94 1609 4097 612 4435 401 3470 2610 6210 7188 5451 1659 238 5469 6967 1354 7317 114 6893 4793 6094 598 3790 5966 8548 9379 2214 0 8284 8670 3023 2491 1439 2803 3298 9586 9283 7276 6947 2706 2582 9249 5081 4263 820 15 9789 4322 7700 4965 5978 1017 8751 995 1944
4985 4071 8909 9347 2131 8522 9989 8018 9630 5099 1893 7208 6669 4193 7933 7852 2439 3086 5613 7526 2523 4701 1539 8136 5815 3457 8001 7209 5256 1499 9169 570 9752 3859 5538 7476 5747 7733 6641 7582 7241 5989 8021 3806 5321 488 4311 792 530 6076 3631 8018 1848 3734 7843 4742 4011 7621 4112 5800 7712 3913 93 8061 776 5656 9680 7489 7462 4348 3704 7033 8284 0 1908 7302 3944 2917 9332 2713 8142 1836 3053 5520 7512 4966 1865 9260 6488 6614 4184 4845 4139 379 1638 6428 3428 9139 912 5703
3973 5152 1068 973 5254 8913 492 3069 2502 1941 9483 5123 3410 1721 9587 3912 3148 43 4193 2803 9543 5441 3740 445 5804 5414 3502 9845 4600 746 7833 657 1821 619 8927 849 9313 3416 2255 664 4880 885 9866 5699 7762 4873 5662 8288 4349 9733 5350 7396 3980 3859 448 7659 6080 2353 183 2955 2853 9256 3051 3477 6976 178 8638 1146 5656 2185 5630 1340 8670 1908 0 8852 1955 6536 2123 9759 8680 9224 5961 9601 6413 2126 6092 4482 401 1780 1245 3294 8314 7314 1346 9198 5100 3569 5988 2874
2400 8732 4901 930 9865 5095 7537 3265 6599 2254 9474 6394 8583 9814 6161 3965 6683 7079 1593 9898 4148 3682 1443 5243 5789 3167 6876 4997 6060 4331 3329 3053 2689 3960 4029 2039 6071 2266 6991 6057 7396 1514 6541 1474 9238 4540 7753 367 5680 4081 2651 9849 6046 416 3514 9583 2815 7728 2478 7522 7031 8846 7900 6397 7560 5962 1300 2043 2276 8625 4048 3608 3023 7302 8852 0 2951 439 1226 7909 4336 742 8589 1970 8771 5187 7797 9975 4143 6905 956 5495 1898 3777 6348 4132 8592 1887 1638 1953
4677 9984 6076 3342 4207 3488 6921 3636 5607 4346 3448 1424 7354 3071 4748 4103 7782 4884 734 4005 9488 2914 9735 9171 3355 266 4516 7630 5816 9348 744 524 3693 458 3236 9280 6634 6677 1373 660 3644 5168 1268 5102 703 467 5148 3112 7400 4351 5260 394 8756 8312 554 4026 9769 4168 554 4255 6012 8833 8486 9330 7296 9103 1662 6669 3178 1449 3999 2296 2491 3944 1955 2951 0 2500 1161 7294 8877 5780 1380 7988 8360 2779 8894 4436 7482 9667 1948 8966 6118 8245 6871 8279 3898 5895 1268 8251
9615 5976 7992 9458 6669 1968 6786 6278 4606 1156 5437 3171 7675 7657 4200 9518 2045 6647 4243 914 679 4845 6564 2329 2914 4436 2551 662 515 800 2497 6049 1199 7039 1604 3203 815 287 3617 9070 1137 3117 6067 8190 7571 4650 951 9417 2276 2738 9466 3076 2349 5759 6391 5344 9599 461 7377 4019 2731 6496 840 3634 7020 5407 9099 5582 1254 3543 6542 4532 1439 2917 6536 439 2500 0 4765 1827 3862 688 3211 4519 2620 2712 3448 5559 5595 2404 7294 6641 6860 3542 4357 2573 9536 23 2645 1363
3423 1549 6322 7630 7625 1491 4186 5844 6116 893 7443 7590 426 6066 3710 8594 5429 8913 8668 8803 2062 1255 7715 289 7306 1289 7802 8248 7616 261 400 3564 6098 6324 5407 8632 8492 7626 1969 1809 9980 4020 1702 7368 8506 4976 1028 4087 2699 4233 8647 8222 1029 2434 1085 3769 2349 9 2577 4949 1059 1714 6204 90 1191 6242 9142 8234 3203 6055 176 7232 2803 9332 2123 1226 1161 4765 0 7135 633 7939 73 7016 5825 1513 9233 2411 3946 7072 9170 7620 6203 1017 6207 1863 3557 9072 3417 5655
463 5640 2217 1125 5597 1029 2339 6130 491 4189 4768 0 5251 8564 9729 7921 1749 2096 6685 5190 4254 7066 8865 7017 7529 7901 4881 3500 6344 5982 8828 8154 5539 6242 8276 2388 4638 7518 5396 3082 8847 5907 1344 7092 2920 8423 8378 293 6484 1194 5294 1378 4132 8861 4377 4787 704 7215 5801 676 5176 6941 2802 1653 8040 8409 6995 4338 4202 6376 4949 248 3298 2713 9759 7909 7294 1827 7135 0 7022 8628 6756 6126 8204 4348 1613 3873 5814 7133 6830 3877 2120 9783 2045 9564 8012 2097 3533 7121
7904 2709 2515 7681 5725 9245 4360 2791 2858 6880 4463 9574 6651 2871 3031 954 7770 100 2907 456 8241 1382 6848 5577 2239 1625 9023 178 958 6453 5383 8405 7497 3968 8303 9806 6679 3170 1689 2459 4972 4594 3961 5491 2022 1754 5232 5261 2531 2709 4582 5347 5792 2628 4852 5115 683 3652 878 9111 3869 3355 1404 4670 1285 5674 1978 4213 7603 6787 2771 9592 9586 8142 8680 4336 8877 3862 633 7022 0 5702 4338 8924 6243 5737 807 3121 2711 7325 5520 6628 3550 3598 7215 9983 3667 2881 3213 4171
